#archivo datos para DisjuntivoMultietapaFull
#param: T:  nomeT     alpha:=
T= [
         1  Etapa_1   1.0
]
#param: S:  nomeS     ProbS:=
S= [
1	ASAv_P1979	0.027777778
2	ASAv_M1979	0.027777778
3	ASAv_B1979	0.027777778
4	ASEs_P1979	0.027777778
5	ASEs_M1979	0.027777778
6	ASEs_B1979	0.027777778
7	BSAv_P1979	0.027777778
8	BSAv_M1979	0.027777778
9	BSAv_B1979	0.027777778
10	BSEs_P1979	0.027777778
11	BSEs_M1979	0.027777778
12	BSEs_B1979	0.027777778
]		 

#param: Ob:     nome  tipo  :=
barras= [
1	SICN210	1
2	SICN206	0
3	SICN105	0
4	SICN118	0
5	SICN100	0
6	SICN216	0
7	SICN215	0
8	SICN_99	0
9	SICN205	0
10	SICN_82	0
11	SICN201	0
12	SICN202	0
13	SICN_81	0
14	SICN207	0
15	SICN101	0
16	SIS_56	0
17	SIS_51	0
18	SIS_41	0
19	SIS_48	0
20	SICN103	0
21	SICN204	0
22	SICN203	0
23	SICN218	0
24	SICN211	0
25	SICN214	0
26	SICN213	0
27	SICN222	0
28	SICN219	0
29	SICN220	0
30	SICN221	0
31	SICN_73	0
32	SICN_65	0
33	SICN165	0
34	SICN_51	0
35	SICN051	0
36	SICN_42	0
37	SICN306	0
38	SICN142	0
39	SICN_98	0
40	SICN123	0
41	SICN_14	0
42	SICN119	0
43	SICN108	0
44	SICN_17	0
45	SICN_11	0
46	SICN_54	0
47	SICN054	0
48	SICN154	0
49	SICN_78	0
50	SICN217	0
51	SICN109	0
52	SICN110	0
53	SICN112	0
54	SICN_77	0
55	SICN113	0
56	SICN_79	0
57	SICN_15	0
58	SICN041	0
59	SICN_41	0
60	SICN141	0
61	SICN_20	0
62	SICN114	0
63	SICN_58	0
64	SICN158	0
65	SICN_68	0
66	SICN068	0
67	SICN_55	0
68	SICN055	0
69	SICN_13	0
70	SICN013	0
71	SICN124	0
72	SICN_49	0
73	SICN_76	0
74	SICN176	0
75	SICN177	0
76	SICN_48	0
77	SICN_02	0
78	SICN117	0
79	SICN_69	0
80	SICN106	0
81	SICN172	0
82	SICN_72	0
83	SICN_75	0
84	SICN115	0
85	SICN_26	0
86	SICN_83	0
87	SICN_25	0
88	SICN116	0
89	SICN_29	0
90	SICN029	0
91	SICN_22	0
92	SIEC_10	0
93	SIEC_05	0
94	SICN_84	0
95	SICN184	0
96	SICN_46	0
97	SICN046	0
98	SICN146	0
99	SICN_06	0
100	SICN_30	0
101	SICN_37	0
102	SICN_85	0
103	SICN185	0
104	SICN_34	0
105	SICN_09	0
106	SICN_61	0
107	SICN_39	0
108	SICN107	0
109	SICN212	0
110	SICN104	0
111	SICN_53	0
112	SICN153	0
113	SICN120	0
114	SICN_01	0
115	SICN_56	0
116	SICN156	0
117	SICN157	0
118	SICN_80	0
119	SICN_43	0
120	SICN102	0
121	SICN111	0
122	SICN_24	0
123	SICN_04	0
124	SICN128	0
125	SICN_28	0
126	SICN_74	0
127	SIS_24	0
128	SIS_13	0
129	SIS148	0
130	SIS_32	0
131	SIS_52	0
132	SIS_18	0
133	SIS_35	0
134	SIS_34	0
135	SIS_54	0
136	SIS_57	0
137	SIS_26	0
138	SIS_20	0
139	SIS_50	0
140	SIS_49	0
141	SIS_42	0
142	SIS_43	0
143	SIS_45	0
144	SIS_44	0
145	SIS_36	0
146	SICN_87	0
147	SICN_88	0
148	SICN_89	0
149	SICN_63	0
150	SICN_62	0
151	SICN179	0
152	SICN_70	0
153	SICN_71	0
154	SICN_57	0
155	SICN_96	0
156	SICN_33	0
157	SICN_12	0
158	SICN_66	0
159	SICN_08	0
160	SICN_38	0
161	SICN_23	0
162	SICN121	0
163	SICN125	0
164	SICN126	0
165	SICN127	0
166	SICN_52	0
167	SICN_91	0
168	SICN_92	0
169	SICN_93	0
170	SICN_94	0
171	SICN194	0
172	SICN_95	0
173	SICN_97	0
174	SICN_59	0
175	SICN_60	0
176	SICN160	0
177	SIS_17	0
178	SIS_63	0
179	SIS_06	0
180	SIS_30	0
181	SIS_31	0
182	SIS_02	0
183	SIS_55	0
184	SIS_07	0
185	SIS_25	0
186	SIS_05	0
187	SIS_60	0
188	SIS_61	0
189	SIS_62	0
190	SIS_14	0
191	SIS_19	0
192	SIS_59	0
193	SIS_40	0
194	SIS_37	0
195	SIS_38	0
196	SIS_39	0
197	SIS_04	0
198	SIS_28	0
199	SIS_11	0
200	SIS_21	0
201	SIS_53	0
202	SIS_58	0
203	SIS_12	0
204	SIS_47	0
205	SIS_15	0
206	SIS_08	0
207	SIS_46	0
208	SIS_01	0
209	SIS_09	0
210	SIS_22	0
211	SIS_23	0
212	SIS_10	0
213	SIS_33	0
214	SIS_16	0
215	SICN_18	0
216	SICN_07	0
217	SICN_21	0
218	SICN_32	0
219	SICN_19	0
220	SICN246	0
221	SICN019	0
222	SICN284	0
223	SICN_31	0
224	SICN_50	0
225	SICN150	0
226	SICN_05	0
227	SICN_44	0
228	SICN_47	0
229	SICN_03	0
230	SIED_01	0
231	SIED_02	0
232	SIED_03	0
233	SIED_04	0
234	SIED_05	0
235	SIED_06	0
236	SIED_07	0
237	SIED_08	0
238	SIED_09	0
239	SIED_10	0
240	SILS_01	0
241	SILS_02	0
242	SILS_03	0
243	SILS_04	0
244	SILS_05	0
245	SILS_06	0
246	SILS_07	0
247	SILS_08	0
248	SIEC_01	0
249	SIEC_02	0
250	SIEC_03	0
251	SIEC_04	0
252	SIEC_06	0
253	SIEC_07	0
254	SIEC_08	0
255	SIEC_09	0
256	SICN_35	0
257	SICN_45	0
258	SICN_36	0
259	SICN_27	0
260	SICN_67	0
261	SICN_10	0
262	SICN_16	0
263	SICN_40	0
264	SICN_90	0
265	SICN_64	0
266	SIS_27	0
267	SIS_29	0
268	SIS_03	0
269	SICN122	0
270	SICO_01	0
271	SICO_03	0
272	SICO_02	0
273	BR_01	0
274	SICO_04	0
275	SICO_05	0
276	SICO_06	0
277	EC_01	0
278	SICN200	0
279	SICN_86	0
]		 
#param d[*,*,*]:	    1    2:=   ((B,T),S)
dem= [
1	1	0.00	0.00	0.00	0.00	0.00	0.00	0.00	0.00	0.00	0.00	0.00	0.00
2	1	0.00	0.00	0.00	0.00	0.00	0.00	0.00	0.00	0.00	0.00	0.00	0.00
3	1	0.00	0.00	0.00	0.00	0.00	0.00	0.00	0.00	0.00	0.00	0.00	0.00
4	1	0.00	0.00	0.00	0.00	0.00	0.00	0.00	0.00	0.00	0.00	0.00	0.00
5	1	0.00	0.00	0.00	0.00	0.00	0.00	0.00	0.00	0.00	0.00	0.00	0.00
6	1	0.00	0.00	0.00	0.00	0.00	0.00	0.00	0.00	0.00	0.00	0.00	0.00
7	1	0.00	0.00	0.00	0.00	0.00	0.00	0.00	0.00	0.00	0.00	0.00	0.00
8	1	0.00	0.00	0.00	0.00	0.00	0.00	0.00	0.00	0.00	0.00	0.00	0.00
9	1	0.00	0.00	0.00	0.00	0.00	0.00	0.00	0.00	0.00	0.00	0.00	0.00
10	1	0.00	0.00	0.00	0.00	0.00	0.00	0.00	0.00	0.00	0.00	0.00	0.00
11	1	0.00	0.00	0.00	0.00	0.00	0.00	0.00	0.00	0.00	0.00	0.00	0.00
12	1	0.00	0.00	0.00	0.00	0.00	0.00	0.00	0.00	0.00	0.00	0.00	0.00
13	1	0.00	0.00	0.00	0.00	0.00	0.00	0.00	0.00	0.00	0.00	0.00	0.00
14	1	0.00	0.00	0.00	0.00	0.00	0.00	0.00	0.00	0.00	0.00	0.00	0.00
15	1	54.44	54.44	54.44	54.44	54.44	54.44	54.44	54.44	54.44	54.44	54.44	54.44
16	1	0.00	0.00	0.00	0.00	0.00	0.00	0.00	0.00	0.00	0.00	0.00	0.00
17	1	0.00	0.00	0.00	0.00	0.00	0.00	0.00	0.00	0.00	0.00	0.00	0.00
18	1	0.00	0.00	0.00	0.00	0.00	0.00	0.00	0.00	0.00	0.00	0.00	0.00
19	1	0.00	0.00	0.00	0.00	0.00	0.00	0.00	0.00	0.00	0.00	0.00	0.00
20	1	0.00	0.00	0.00	0.00	0.00	0.00	0.00	0.00	0.00	0.00	0.00	0.00
21	1	0.00	0.00	0.00	0.00	0.00	0.00	0.00	0.00	0.00	0.00	0.00	0.00
22	1	0.00	0.00	0.00	0.00	0.00	0.00	0.00	0.00	0.00	0.00	0.00	0.00
23	1	0.00	0.00	0.00	0.00	0.00	0.00	0.00	0.00	0.00	0.00	0.00	0.00
24	1	0.00	0.00	0.00	0.00	0.00	0.00	0.00	0.00	0.00	0.00	0.00	0.00
25	1	0.00	0.00	0.00	0.00	0.00	0.00	0.00	0.00	0.00	0.00	0.00	0.00
26	1	0.00	0.00	0.00	0.00	0.00	0.00	0.00	0.00	0.00	0.00	0.00	0.00
27	1	0.00	0.00	0.00	0.00	0.00	0.00	0.00	0.00	0.00	0.00	0.00	0.00
28	1	0.00	0.00	0.00	0.00	0.00	0.00	0.00	0.00	0.00	0.00	0.00	0.00
29	1	0.00	0.00	0.00	0.00	0.00	0.00	0.00	0.00	0.00	0.00	0.00	0.00
30	1	0.00	0.00	0.00	0.00	0.00	0.00	0.00	0.00	0.00	0.00	0.00	0.00
31	1	0.00	0.00	0.00	0.00	0.00	0.00	0.00	0.00	0.00	0.00	0.00	0.00
32	1	25.19	21.26	19.37	22.94	18.62	17.63	25.19	21.26	19.37	22.94	18.62	17.63
33	1	75.57	63.79	58.12	68.83	55.87	52.88	75.57	63.79	58.12	68.83	55.87	52.88
34	1	114.16	105.57	98.23	111.78	98.48	95.60	114.16	105.57	98.23	111.78	98.48	95.60
35	1	0.00	0.00	0.00	0.00	0.00	0.00	0.00	0.00	0.00	0.00	0.00	0.00
36	1	259.38	239.25	211.08	233.84	210.53	186.88	259.38	239.25	211.08	233.84	210.53	186.88
37	1	163.10	144.51	112.66	146.67	126.22	99.11	163.10	144.51	112.66	146.67	126.22	99.11
38	1	77.02	68.24	53.20	69.26	59.60	46.80	77.02	68.24	53.20	69.26	59.60	46.80
39	1	61.56	61.29	61.95	61.57	61.04	61.93	61.56	61.29	61.95	61.57	61.04	61.93
40	1	50.55	47.29	45.73	48.68	45.11	44.28	50.55	47.29	45.73	48.68	45.11	44.28
41	1	244.23	219.13	154.02	228.54	202.97	142.18	244.23	219.13	154.02	228.54	202.97	142.18
42	1	0.00	0.00	0.00	0.00	0.00	0.00	0.00	0.00	0.00	0.00	0.00	0.00
43	1	0.00	0.00	0.00	0.00	0.00	0.00	0.00	0.00	0.00	0.00	0.00	0.00
44	1	2.92	2.92	2.92	2.92	2.92	2.92	2.92	2.92	2.92	2.92	2.92	2.92
45	1	5.29	3.87	2.86	5.88	4.49	3.79	5.29	3.87	2.86	5.88	4.49	3.79
46	1	322.28	283.08	214.42	316.42	271.73	206.32	322.28	283.08	214.42	316.42	271.73	206.32
47	1	0.00	0.00	0.00	0.00	0.00	0.00	0.00	0.00	0.00	0.00	0.00	0.00
48	1	1.69	0.97	0.46	1.97	1.26	0.56	1.69	0.97	0.46	1.97	1.26	0.56
49	1	29.94	22.81	22.39	27.82	21.19	20.99	29.94	22.81	22.39	27.82	21.19	20.99
50	1	0.00	0.00	0.00	0.00	0.00	0.00	0.00	0.00	0.00	0.00	0.00	0.00
51	1	0.00	0.00	0.00	0.00	0.00	0.00	0.00	0.00	0.00	0.00	0.00	0.00
52	1	0.00	0.00	0.00	0.00	0.00	0.00	0.00	0.00	0.00	0.00	0.00	0.00
53	1	104.13	91.63	57.14	104.23	92.19	57.01	104.13	91.63	57.14	104.23	92.19	57.01
54	1	33.97	29.21	29.14	34.18	28.57	28.71	33.97	29.21	29.14	34.18	28.57	28.71
55	1	14.58	14.58	14.58	14.58	14.58	14.58	14.58	14.58	14.58	14.58	14.58	14.58
56	1	0.00	0.00	0.00	0.00	0.00	0.00	0.00	0.00	0.00	0.00	0.00	0.00
57	1	6.37	6.37	6.37	6.37	6.37	6.37	6.37	6.37	6.37	6.37	6.37	6.37
58	1	5.99	4.71	3.86	6.15	4.67	3.78	5.99	4.71	3.86	6.15	4.67	3.78
59	1	27.22	22.58	19.51	27.79	22.43	19.22	27.22	22.58	19.51	27.79	22.43	19.22
60	1	10.30	7.85	6.46	13.73	11.08	9.03	10.30	7.85	6.46	13.73	11.08	9.03
61	1	27.15	21.56	18.41	34.95	28.92	24.25	27.15	21.56	18.41	34.95	28.92	24.25
62	1	0.00	0.00	0.00	0.00	0.00	0.00	0.00	0.00	0.00	0.00	0.00	0.00
63	1	5.21	5.21	5.21	5.21	5.21	5.21	5.21	5.21	5.21	5.21	5.21	5.21
64	1	0.00	0.00	0.00	0.00	0.00	0.00	0.00	0.00	0.00	0.00	0.00	0.00
65	1	0.00	0.00	0.00	0.00	0.00	0.00	0.00	0.00	0.00	0.00	0.00	0.00
66	1	0.00	0.00	0.00	0.00	0.00	0.00	0.00	0.00	0.00	0.00	0.00	0.00
67	1	4.97	4.97	4.97	4.97	4.97	4.97	4.97	4.97	4.97	4.97	4.97	4.97
68	1	0.00	0.00	0.00	0.00	0.00	0.00	0.00	0.00	0.00	0.00	0.00	0.00
69	1	2.86	2.86	2.86	2.86	2.86	2.86	2.86	2.86	2.86	2.86	2.86	2.86
70	1	0.00	0.00	0.00	0.00	0.00	0.00	0.00	0.00	0.00	0.00	0.00	0.00
71	1	0.00	0.00	0.00	0.00	0.00	0.00	0.00	0.00	0.00	0.00	0.00	0.00
72	1	1.63	1.63	1.63	1.63	1.63	1.63	1.63	1.63	1.63	1.63	1.63	1.63
73	1	0.00	0.00	0.00	0.00	0.00	0.00	0.00	0.00	0.00	0.00	0.00	0.00
74	1	244.97	249.25	134.22	246.21	237.50	137.75	244.97	249.25	134.22	246.21	237.50	137.75
75	1	87.22	86.53	59.65	85.17	81.27	59.13	87.22	86.53	59.65	85.17	81.27	59.13
76	1	477.30	425.58	331.80	469.29	408.34	314.60	477.30	425.58	331.80	469.29	408.34	314.60
77	1	0.00	0.00	0.00	0.00	0.00	0.00	0.00	0.00	0.00	0.00	0.00	0.00
78	1	0.00	0.00	0.00	0.00	0.00	0.00	0.00	0.00	0.00	0.00	0.00	0.00
79	1	0.00	0.00	0.00	0.00	0.00	0.00	0.00	0.00	0.00	0.00	0.00	0.00
80	1	0.00	0.00	0.00	0.00	0.00	0.00	0.00	0.00	0.00	0.00	0.00	0.00
81	1	0.00	0.00	0.00	0.00	0.00	0.00	0.00	0.00	0.00	0.00	0.00	0.00
82	1	24.18	17.96	12.56	22.42	16.24	10.59	24.18	17.96	12.56	22.42	16.24	10.59
83	1	22.25	22.64	23.12	22.42	22.90	23.30	22.25	22.64	23.12	22.42	22.90	23.30
84	1	0.00	0.00	0.00	0.00	0.00	0.00	0.00	0.00	0.00	0.00	0.00	0.00
85	1	2.31	2.31	2.31	2.31	2.31	2.31	2.31	2.31	2.31	2.31	2.31	2.31
86	1	95.96	185.32	199.89	90.13	182.13	196.75	95.96	185.32	199.89	90.13	182.13	196.75
87	1	113.37	113.82	85.26	101.26	105.55	77.35	113.37	113.82	85.26	101.26	105.55	77.35
88	1	0.00	0.00	0.00	0.00	0.00	0.00	0.00	0.00	0.00	0.00	0.00	0.00
89	1	241.02	235.45	238.77	235.99	230.63	234.05	241.02	235.45	238.77	235.99	230.63	234.05
90	1	0.00	0.00	0.00	0.00	0.00	0.00	0.00	0.00	0.00	0.00	0.00	0.00
91	1	24.18	20.31	19.13	25.05	20.86	19.54	24.18	20.31	19.13	25.05	20.86	19.54
92	1	0.88	0.52	0.41	0.96	0.57	0.45	0.88	0.52	0.41	0.96	0.57	0.45
93	1	0.00	0.00	0.00	0.00	0.00	0.00	0.00	0.00	0.00	0.00	0.00	0.00
94	1	0.00	0.00	0.00	0.00	0.00	0.00	0.00	0.00	0.00	0.00	0.00	0.00
95	1	0.00	0.00	0.00	0.00	0.00	0.00	0.00	0.00	0.00	0.00	0.00	0.00
96	1	100.98	182.57	185.61	96.47	170.66	170.24	100.98	182.57	185.61	96.47	170.66	170.24
97	1	0.00	0.00	0.00	0.00	0.00	0.00	0.00	0.00	0.00	0.00	0.00	0.00
98	1	0.00	0.00	0.00	0.00	0.00	0.00	0.00	0.00	0.00	0.00	0.00	0.00
99	1	0.00	0.00	0.00	0.00	0.00	0.00	0.00	0.00	0.00	0.00	0.00	0.00
100	1	0.19	0.19	0.19	0.19	0.19	0.19	0.19	0.19	0.19	0.19	0.19	0.19
101	1	0.00	0.00	0.00	0.00	0.00	0.00	0.00	0.00	0.00	0.00	0.00	0.00
102	1	0.00	0.00	0.00	0.00	0.00	0.00	0.00	0.00	0.00	0.00	0.00	0.00
103	1	0.00	0.00	0.00	0.00	0.00	0.00	0.00	0.00	0.00	0.00	0.00	0.00
104	1	0.00	0.00	0.00	0.00	0.00	0.00	0.00	0.00	0.00	0.00	0.00	0.00
105	1	0.00	0.00	0.00	0.00	0.00	0.00	0.00	0.00	0.00	0.00	0.00	0.00
106	1	0.00	0.00	0.00	0.00	0.00	0.00	0.00	0.00	0.00	0.00	0.00	0.00
107	1	0.00	0.00	0.00	0.00	0.00	0.00	0.00	0.00	0.00	0.00	0.00	0.00
108	1	2.28	2.65	2.83	2.28	2.65	2.83	2.28	2.65	2.83	2.28	2.65	2.83
109	1	0.00	0.00	0.00	0.00	0.00	0.00	0.00	0.00	0.00	0.00	0.00	0.00
110	1	0.00	0.00	0.00	0.00	0.00	0.00	0.00	0.00	0.00	0.00	0.00	0.00
111	1	0.30	0.30	0.30	0.30	0.30	0.30	0.30	0.30	0.30	0.30	0.30	0.30
112	1	0.00	0.00	0.00	0.00	0.00	0.00	0.00	0.00	0.00	0.00	0.00	0.00
113	1	0.00	0.00	0.00	0.00	0.00	0.00	0.00	0.00	0.00	0.00	0.00	0.00
114	1	0.09	0.09	0.09	0.09	0.09	0.09	0.09	0.09	0.09	0.09	0.09	0.09
115	1	0.51	0.51	0.51	0.51	0.51	0.51	0.51	0.51	0.51	0.51	0.51	0.51
116	1	0.00	0.00	0.00	0.00	0.00	0.00	0.00	0.00	0.00	0.00	0.00	0.00
117	1	225.22	222.16	225.99	217.55	224.01	226.82	225.22	222.16	225.99	217.55	224.01	226.82
118	1	0.00	0.00	0.00	0.00	0.00	0.00	0.00	0.00	0.00	0.00	0.00	0.00
119	1	166.83	163.33	161.97	166.82	163.34	161.97	166.83	163.33	161.97	166.82	163.34	161.97
120	1	0.00	0.00	0.00	0.00	0.00	0.00	0.00	0.00	0.00	0.00	0.00	0.00
121	1	0.00	0.00	0.00	0.00	0.00	0.00	0.00	0.00	0.00	0.00	0.00	0.00
122	1	0.39	0.39	0.39	0.39	0.39	0.39	0.39	0.39	0.39	0.39	0.39	0.39
123	1	0.00	0.00	0.00	0.00	0.00	0.00	0.00	0.00	0.00	0.00	0.00	0.00
124	1	0.00	0.00	0.00	0.00	0.00	0.00	0.00	0.00	0.00	0.00	0.00	0.00
125	1	10.42	9.85	9.89	16.09	14.03	15.12	10.42	9.85	9.89	16.09	14.03	15.12
126	1	211.05	211.05	211.05	211.05	211.05	211.05	211.05	211.05	211.05	211.05	211.05	211.05
127	1	80.02	80.02	80.02	80.02	80.02	80.02	80.02	80.02	80.02	80.02	80.02	80.02
128	1	116.87	111.91	117.42	116.77	111.12	115.27	116.87	111.91	117.42	116.77	111.12	115.27
129	1	0.00	0.00	0.00	0.00	0.00	0.00	0.00	0.00	0.00	0.00	0.00	0.00
130	1	293.78	293.78	293.78	293.78	293.78	293.78	293.78	293.78	293.78	293.78	293.78	293.78
131	1	0.00	0.00	0.00	0.00	0.00	0.00	0.00	0.00	0.00	0.00	0.00	0.00
132	1	81.00	81.00	81.00	81.00	81.00	81.00	81.00	81.00	81.00	81.00	81.00	81.00
133	1	0.00	0.00	0.00	0.00	0.00	0.00	0.00	0.00	0.00	0.00	0.00	0.00
134	1	0.00	0.00	0.00	0.00	0.00	0.00	0.00	0.00	0.00	0.00	0.00	0.00
135	1	0.00	0.00	0.00	0.00	0.00	0.00	0.00	0.00	0.00	0.00	0.00	0.00
136	1	88.36	88.36	88.36	88.36	88.36	88.36	88.36	88.36	88.36	88.36	88.36	88.36
137	1	0.00	0.00	0.00	0.00	0.00	0.00	0.00	0.00	0.00	0.00	0.00	0.00
138	1	16.54	16.54	16.54	16.54	16.54	16.54	16.54	16.54	16.54	16.54	16.54	16.54
139	1	0.00	0.00	0.00	0.00	0.00	0.00	0.00	0.00	0.00	0.00	0.00	0.00
140	1	0.00	0.00	0.00	0.00	0.00	0.00	0.00	0.00	0.00	0.00	0.00	0.00
141	1	261.43	258.33	261.21	253.01	246.21	249.08	261.43	258.33	261.21	253.01	246.21	249.08
142	1	0.00	0.00	0.00	0.00	0.00	0.00	0.00	0.00	0.00	0.00	0.00	0.00
143	1	0.00	0.00	0.00	0.00	0.00	0.00	0.00	0.00	0.00	0.00	0.00	0.00
144	1	0.00	0.00	0.00	0.00	0.00	0.00	0.00	0.00	0.00	0.00	0.00	0.00
145	1	118.36	118.36	118.36	118.36	118.36	118.36	118.36	118.36	118.36	118.36	118.36	118.36
146	1	0.00	0.00	0.00	0.00	0.00	0.00	0.00	0.00	0.00	0.00	0.00	0.00
147	1	0.31	0.18	0.07	0.32	0.18	0.07	0.31	0.18	0.07	0.32	0.18	0.07
148	1	3.56	2.05	0.79	3.64	2.09	0.80	3.56	2.05	0.79	3.64	2.09	0.80
149	1	156.29	147.07	127.12	148.08	135.08	116.74	156.29	147.07	127.12	148.08	135.08	116.74
150	1	106.88	86.09	79.38	112.99	89.83	83.51	106.88	86.09	79.38	112.99	89.83	83.51
151	1	0.00	0.00	0.00	0.00	0.00	0.00	0.00	0.00	0.00	0.00	0.00	0.00
152	1	0.00	0.00	0.00	0.00	0.00	0.00	0.00	0.00	0.00	0.00	0.00	0.00
153	1	40.48	44.19	45.74	41.10	45.35	46.46	40.48	44.19	45.74	41.10	45.35	46.46
154	1	0.00	0.00	0.00	0.00	0.00	0.00	0.00	0.00	0.00	0.00	0.00	0.00
155	1	13.62	7.77	3.71	15.85	10.14	4.50	13.62	7.77	3.71	15.85	10.14	4.50
156	1	0.00	0.00	0.00	0.00	0.00	0.00	0.00	0.00	0.00	0.00	0.00	0.00
157	1	66.79	64.95	69.09	70.59	70.08	71.34	66.79	64.95	69.09	70.59	70.08	71.34
158	1	0.00	0.00	0.00	0.00	0.00	0.00	0.00	0.00	0.00	0.00	0.00	0.00
159	1	50.10	52.00	53.04	50.09	52.01	53.04	50.10	52.00	53.04	50.09	52.01	53.04
160	1	19.30	20.03	20.47	20.15	21.24	21.01	19.30	20.03	20.47	20.15	21.24	21.01
161	1	34.72	24.72	16.81	37.74	26.11	18.16	34.72	24.72	16.81	37.74	26.11	18.16
162	1	0.00	0.00	0.00	0.00	0.00	0.00	0.00	0.00	0.00	0.00	0.00	0.00
163	1	0.00	0.00	0.00	0.00	0.00	0.00	0.00	0.00	0.00	0.00	0.00	0.00
164	1	0.00	0.00	0.00	0.00	0.00	0.00	0.00	0.00	0.00	0.00	0.00	0.00
165	1	0.00	0.00	0.00	0.00	0.00	0.00	0.00	0.00	0.00	0.00	0.00	0.00
166	1	11.45	8.23	5.65	12.23	8.77	5.92	11.45	8.23	5.65	12.23	8.77	5.92
167	1	2.20	1.41	1.05	2.29	1.52	1.10	2.20	1.41	1.05	2.29	1.52	1.10
168	1	3.20	1.81	0.01	3.33	1.90	0.08	3.20	1.81	0.01	3.33	1.90	0.08
169	1	4.77	4.81	3.33	5.58	5.77	4.22	4.77	4.81	3.33	5.58	5.77	4.22
170	1	31.50	26.64	16.92	30.22	24.53	15.20	31.50	26.64	16.92	30.22	24.53	15.20
171	1	6.46	5.47	3.47	6.20	5.04	3.12	6.46	5.47	3.47	6.20	5.04	3.12
172	1	50.36	43.18	35.59	51.24	46.58	36.22	50.36	43.18	35.59	51.24	46.58	36.22
173	1	0.00	0.00	0.00	0.00	0.00	0.00	0.00	0.00	0.00	0.00	0.00	0.00
174	1	0.00	0.00	0.00	0.00	0.00	0.00	0.00	0.00	0.00	0.00	0.00	0.00
175	1	15.86	14.94	11.34	16.76	16.45	11.97	15.86	14.94	11.34	16.76	16.45	11.97
176	1	16.38	14.69	8.99	18.41	16.80	10.05	16.38	14.69	8.99	18.41	16.80	10.05
177	1	9.59	6.55	5.43	9.92	6.70	5.46	9.59	6.55	5.43	9.92	6.70	5.46
178	1	6.39	4.37	3.62	6.61	4.47	3.64	6.39	4.37	3.62	6.61	4.47	3.64
179	1	131.46	129.73	131.30	130.79	129.28	131.01	131.46	129.73	131.30	130.79	129.28	131.01
180	1	162.86	160.84	162.66	162.07	160.32	162.32	162.86	160.84	162.66	162.07	160.32	162.32
181	1	0.00	0.00	0.00	0.00	0.00	0.00	0.00	0.00	0.00	0.00	0.00	0.00
182	1	0.00	0.00	0.00	0.00	0.00	0.00	0.00	0.00	0.00	0.00	0.00	0.00
183	1	0.00	0.00	0.00	0.00	0.00	0.00	0.00	0.00	0.00	0.00	0.00	0.00
184	1	23.95	17.30	14.63	21.89	15.32	13.13	23.95	17.30	14.63	21.89	15.32	13.13
185	1	50.85	49.56	50.73	50.35	49.23	50.51	50.85	49.56	50.73	50.35	49.23	50.51
186	1	3.74	1.96	1.66	5.94	3.92	3.43	3.74	1.96	1.66	5.94	3.92	3.43
187	1	17.76	12.64	9.29	18.51	13.35	9.52	17.76	12.64	9.29	18.51	13.35	9.52
188	1	4.79	2.52	2.12	7.61	5.02	4.40	4.79	2.52	2.12	7.61	5.02	4.40
189	1	10.10	5.30	4.48	16.03	10.58	9.27	10.10	5.30	4.48	16.03	10.58	9.27
190	1	41.43	29.49	21.68	43.18	31.14	22.22	41.43	29.49	21.68	43.18	31.14	22.22
191	1	28.64	18.12	14.07	30.72	19.62	14.75	28.64	18.12	14.07	30.72	19.62	14.75
192	1	12.27	7.76	6.03	13.16	8.41	6.32	12.27	7.76	6.03	13.16	8.41	6.32
193	1	23.77	25.32	25.51	25.83	26.72	27.18	23.77	25.32	25.51	25.83	26.72	27.18
194	1	38.74	38.38	38.40	39.01	38.55	38.52	38.74	38.38	38.40	39.01	38.55	38.52
195	1	14.16	10.63	6.43	14.17	10.64	6.40	14.16	10.63	6.43	14.17	10.64	6.40
196	1	19.48	17.15	10.69	19.50	17.25	10.67	19.48	17.15	10.69	19.50	17.25	10.67
197	1	4.41	2.02	2.06	5.05	2.51	2.46	4.41	2.02	2.06	5.05	2.51	2.46
198	1	33.11	28.31	29.19	29.93	25.65	28.30	33.11	28.31	29.19	29.93	25.65	28.30
199	1	11.02	6.56	6.52	11.02	6.57	6.53	11.02	6.56	6.52	11.02	6.57	6.53
200	1	26.68	20.03	13.35	26.78	20.09	13.36	26.68	20.03	13.35	26.78	20.09	13.36
201	1	0.00	0.00	0.00	0.00	0.00	0.00	0.00	0.00	0.00	0.00	0.00	0.00
202	1	17.79	13.35	8.90	17.85	13.39	8.90	17.79	13.35	8.90	17.85	13.39	8.90
203	1	65.52	50.89	33.20	69.66	54.83	36.13	65.52	50.89	33.20	69.66	54.83	36.13
204	1	0.00	0.00	0.00	0.00	0.00	0.00	0.00	0.00	0.00	0.00	0.00	0.00
205	1	17.78	12.75	9.45	18.20	13.09	9.63	17.78	12.75	9.45	18.20	13.09	9.63
206	1	32.58	39.69	37.97	34.69	37.92	37.44	32.58	39.69	37.97	34.69	37.92	37.44
207	1	0.00	0.00	0.00	0.00	0.00	0.00	0.00	0.00	0.00	0.00	0.00	0.00
208	1	28.94	16.50	10.97	28.60	17.38	11.23	28.94	16.50	10.97	28.60	17.38	11.23
209	1	22.00	21.01	20.96	22.23	20.92	20.98	22.00	21.01	20.96	22.23	20.92	20.98
210	1	40.23	41.94	44.27	49.95	60.85	60.33	40.23	41.94	44.27	49.95	60.85	60.33
211	1	309.98	257.45	196.47	319.01	273.08	202.16	309.98	257.45	196.47	319.01	273.08	202.16
212	1	0.00	0.00	0.00	0.00	0.00	0.00	0.00	0.00	0.00	0.00	0.00	0.00
213	1	9.73	8.54	6.91	10.07	8.13	6.62	9.73	8.54	6.91	10.07	8.13	6.62
214	1	19.87	15.39	13.98	18.51	13.86	12.56	19.87	15.39	13.98	18.51	13.86	12.56
215	1	123.27	105.49	81.58	126.39	107.59	82.79	123.27	105.49	81.58	126.39	107.59	82.79
216	1	0.19	0.19	0.19	0.19	0.19	0.19	0.19	0.19	0.19	0.19	0.19	0.19
217	1	0.19	0.19	0.19	0.19	0.19	0.19	0.19	0.19	0.19	0.19	0.19	0.19
218	1	51.44	40.39	34.27	51.15	38.77	32.51	51.44	40.39	34.27	51.15	38.77	32.51
219	1	200.06	187.33	152.30	186.98	174.70	139.17	200.06	187.33	152.30	186.98	174.70	139.17
220	1	4.98	5.10	4.45	5.23	5.35	4.64	4.98	5.10	4.45	5.23	5.35	4.64
221	1	59.05	50.77	37.75	57.96	47.58	34.83	59.05	50.77	37.75	57.96	47.58	34.83
222	1	8.63	7.83	6.43	8.60	7.54	6.22	8.63	7.83	6.43	8.60	7.54	6.22
223	1	25.72	18.41	15.17	25.94	17.99	15.13	25.72	18.41	15.17	25.94	17.99	15.13
224	1	274.69	278.08	186.30	297.31	280.42	189.47	274.69	278.08	186.30	297.31	280.42	189.47
225	1	283.78	240.75	156.62	239.01	200.70	128.44	283.78	240.75	156.62	239.01	200.70	128.44
226	1	43.41	30.13	24.91	43.12	29.09	22.57	43.41	30.13	24.91	43.12	29.09	22.57
227	1	290.23	293.48	226.89	283.89	277.63	223.10	290.23	293.48	226.89	283.89	277.63	223.10
228	1	71.15	66.45	48.83	71.13	65.05	48.00	71.15	66.45	48.83	71.13	65.05	48.00
229	1	460.93	481.25	256.00	425.79	414.75	235.45	460.93	481.25	256.00	425.79	414.75	235.45
230	1	664.63	587.51	429.59	642.42	556.03	393.71	664.63	587.51	429.59	642.42	556.03	393.71
231	1	241.76	206.35	160.58	199.82	174.25	137.06	241.76	206.35	160.58	199.82	174.25	137.06
232	1	228.80	197.05	167.63	226.68	189.52	161.24	228.80	197.05	167.63	226.68	189.52	161.24
233	1	1.55	1.37	1.22	1.58	1.13	1.16	1.55	1.37	1.22	1.58	1.13	1.16
234	1	59.83	54.40	44.82	58.76	53.47	42.97	59.83	54.40	44.82	58.76	53.47	42.97
235	1	0.00	0.00	0.00	0.00	0.00	0.00	0.00	0.00	0.00	0.00	0.00	0.00
236	1	184.10	133.39	108.88	188.63	135.87	106.30	184.10	133.39	108.88	188.63	135.87	106.30
237	1	51.17	43.94	36.22	52.24	42.68	35.04	51.17	43.94	36.22	52.24	42.68	35.04
238	1	158.04	147.32	111.89	153.83	146.81	119.61	158.04	147.32	111.89	153.83	146.81	119.61
239	1	71.85	68.50	55.74	72.00	68.30	54.08	71.85	68.50	55.74	72.00	68.30	54.08
240	1	7.62	6.26	5.43	6.61	5.44	4.90	7.62	6.26	5.43	6.61	5.44	4.90
241	1	60.72	51.80	35.20	63.99	54.72	36.53	60.72	51.80	35.20	63.99	54.72	36.53
242	1	10.72	9.97	8.05	8.33	8.03	6.58	10.72	9.97	8.05	8.33	8.03	6.58
243	1	14.93	11.37	9.87	10.89	8.21	7.02	14.93	11.37	9.87	10.89	8.21	7.02
244	1	59.03	79.51	60.77	58.76	80.63	62.10	59.03	79.51	60.77	58.76	80.63	62.10
245	1	63.06	56.67	48.05	61.77	55.29	45.77	63.06	56.67	48.05	61.77	55.29	45.77
246	1	11.44	9.84	9.59	11.47	9.93	9.71	11.44	9.84	9.59	11.47	9.93	9.71
247	1	27.42	22.98	21.20	27.23	22.01	20.33	27.42	22.98	21.20	27.23	22.01	20.33
248	1	2.76	1.46	1.42	2.62	1.24	1.11	2.76	1.46	1.42	2.62	1.24	1.11
249	1	1.19	0.65	0.65	1.19	0.66	0.65	1.19	0.65	0.65	1.19	0.66	0.65
250	1	4.19	2.52	2.16	4.31	2.58	2.21	4.19	2.52	2.16	4.31	2.58	2.21
251	1	32.04	21.03	14.66	30.81	21.78	14.99	32.04	21.03	14.66	30.81	21.78	14.99
252	1	8.72	5.70	3.47	9.38	6.36	4.11	8.72	5.70	3.47	9.38	6.36	4.11
253	1	28.93	18.93	11.50	31.13	21.12	13.63	28.93	18.93	11.50	31.13	21.12	13.63
254	1	23.27	15.22	9.25	25.03	16.98	10.96	23.27	15.22	9.25	25.03	16.98	10.96
255	1	19.16	12.54	7.62	20.61	13.98	9.02	19.16	12.54	7.62	20.61	13.98	9.02
256	1	145.22	142.70	141.66	148.90	145.89	146.72	145.22	142.70	141.66	148.90	145.89	146.72
257	1	16.40	15.10	14.66	16.41	15.11	14.67	16.40	15.10	14.66	16.41	15.11	14.67
258	1	0.32	0.31	0.30	0.32	0.31	0.30	0.32	0.31	0.30	0.32	0.31	0.30
259	1	0.24	0.23	0.23	0.24	0.23	0.23	0.24	0.23	0.23	0.24	0.23	0.23
260	1	17.23	11.59	8.15	18.75	13.08	9.29	17.23	11.59	8.15	18.75	13.08	9.29
261	1	7.87	4.96	4.57	9.63	5.65	5.26	7.87	4.96	4.57	9.63	5.65	5.26
262	1	13.29	11.85	12.94	10.39	8.96	9.85	13.29	11.85	12.94	10.39	8.96	9.85
263	1	33.02	29.27	27.27	35.65	31.43	29.01	33.02	29.27	27.27	35.65	31.43	29.01
264	1	3.81	3.01	1.97	4.21	3.58	2.17	3.81	3.01	1.97	4.21	3.58	2.17
265	1	61.09	54.76	33.51	68.65	62.63	37.46	61.09	54.76	33.51	68.65	62.63	37.46
266	1	89.56	74.57	62.76	75.91	75.27	55.93	89.56	74.57	62.76	75.91	75.27	55.93
267	1	2.96	2.09	2.13	2.87	2.08	2.05	2.96	2.09	2.13	2.87	2.08	2.05
268	1	2.21	1.36	1.53	2.00	1.20	1.34	2.21	1.36	1.53	2.00	1.20	1.34
269	1	0.00	0.00	0.00	0.00	0.00	0.00	0.00	0.00	0.00	0.00	0.00	0.00
270	1	0.00	0.00	0.00	0.00	0.00	0.00	0.00	0.00	0.00	0.00	0.00	0.00
271	1	0.00	0.00	0.00	0.00	0.00	0.00	0.00	0.00	0.00	0.00	0.00	0.00
272	1	0.00	0.00	0.00	0.00	0.00	0.00	0.00	0.00	0.00	0.00	0.00	0.00
273	1	0.00	0.00	0.00	0.00	0.00	0.00	0.00	0.00	0.00	0.00	0.00	0.00
274	1	0.00	0.00	0.00	0.00	0.00	0.00	0.00	0.00	0.00	0.00	0.00	0.00
275	1	0.00	0.00	0.00	0.00	0.00	0.00	0.00	0.00	0.00	0.00	0.00	0.00
276	1	0.00	0.00	0.00	0.00	0.00	0.00	0.00	0.00	0.00	0.00	0.00	0.00
277	1	0.00	0.00	0.00	0.00	0.00	0.00	0.00	0.00	0.00	0.00	0.00	0.00
278	1	0.00	0.00	0.00	0.00	0.00	0.00	0.00	0.00	0.00	0.00	0.00	0.00
279	1	0.00	0.00	0.00	0.00	0.00	0.00	0.00	0.00	0.00	0.00	0.00	0.00
]
#param gmax[*,*,*]:   1   2:=
gmax= [
1	1	0.00	0.00	0.00	0.00	0.00	0.00	0.00	0.00	0.00	0.00	0.00	0.00
2	1	0.00	0.00	0.00	0.00	0.00	0.00	0.00	0.00	0.00	0.00	0.00	0.00
3	1	0.00	0.00	0.00	0.00	0.00	0.00	0.00	0.00	0.00	0.00	0.00	0.00
4	1	0.00	0.00	0.00	0.00	0.00	0.00	0.00	0.00	0.00	0.00	0.00	0.00
5	1	0.00	0.00	0.00	0.00	0.00	0.00	0.00	0.00	0.00	0.00	0.00	0.00
6	1	0.00	0.00	0.00	0.00	0.00	0.00	0.00	0.00	0.00	0.00	0.00	0.00
7	1	0.00	0.00	0.00	0.00	0.00	0.00	0.00	0.00	0.00	0.00	0.00	0.00
8	1	0.00	0.00	0.00	0.00	0.00	0.00	0.00	0.00	0.00	0.00	0.00	0.00
9	1	0.00	0.00	0.00	0.00	0.00	0.00	0.00	0.00	0.00	0.00	0.00	0.00
10	1	0.00	0.00	0.00	0.00	0.00	0.00	105.64	0.00	0.00	193.00	0.00	0.00
11	1	0.00	0.00	0.00	0.00	0.00	0.00	0.00	0.00	0.00	0.00	0.00	0.00
12	1	0.00	0.00	0.00	0.00	0.00	0.00	0.00	0.00	0.00	0.00	0.00	0.00
13	1	842.30	842.30	842.30	765.40	776.70	779.43	842.30	842.30	842.30	765.40	776.70	779.43
14	1	0.00	0.00	0.00	0.00	0.00	0.00	0.00	0.00	0.00	0.00	0.00	0.00
15	1	0.00	0.00	0.00	0.00	0.00	0.00	0.00	0.00	0.00	0.00	0.00	0.00
16	1	0.00	0.00	0.00	0.00	0.00	0.00	0.00	0.00	0.00	0.00	0.00	0.00
17	1	984.30	984.30	610.88	984.30	984.30	984.30	193.00	0.00	0.00	193.00	193.00	193.00
18	1	685.15	7.16	0.00	685.15	451.36	391.83	0.00	0.00	0.00	0.00	0.00	0.00
19	1	0.00	0.00	0.00	0.00	0.00	0.00	0.00	0.00	0.00	0.00	0.00	0.00
20	1	0.00	0.00	0.00	0.00	0.00	0.00	0.00	0.00	0.00	0.00	0.00	0.00
21	1	0.00	0.00	0.00	0.00	0.00	0.00	0.00	0.00	0.00	0.00	0.00	0.00
22	1	0.00	0.00	0.00	0.00	0.00	0.00	0.00	0.00	0.00	0.00	0.00	0.00
23	1	0.00	0.00	0.00	0.00	0.00	0.00	0.00	0.00	0.00	0.00	0.00	0.00
24	1	0.00	0.00	0.00	0.00	0.00	0.00	0.00	0.00	0.00	0.00	0.00	0.00
25	1	0.00	0.00	0.00	0.00	0.00	0.00	0.00	0.00	0.00	0.00	0.00	0.00
26	1	0.00	0.00	0.00	0.00	0.00	0.00	0.00	0.00	0.00	0.00	0.00	0.00
27	1	0.00	0.00	0.00	0.00	0.00	0.00	0.00	0.00	0.00	0.00	0.00	0.00
28	1	0.00	0.00	0.00	0.00	0.00	0.00	0.00	0.00	0.00	0.00	0.00	0.00
29	1	0.00	0.00	0.00	0.00	0.00	0.00	0.00	0.00	0.00	0.00	0.00	0.00
30	1	0.00	0.00	0.00	0.00	0.00	0.00	0.00	0.00	0.00	0.00	0.00	0.00
31	1	0.00	0.00	0.00	0.00	0.00	0.00	0.00	0.00	0.00	0.00	0.00	0.00
32	1	0.00	0.00	0.00	0.00	0.00	0.00	9.23	10.12	0.00	15.52	15.52	15.52
33	1	0.00	0.00	0.00	0.00	0.00	0.00	0.00	0.00	0.00	0.00	0.00	0.00
34	1	154.38	154.38	154.38	154.38	154.38	154.38	333.51	154.38	154.38	333.51	333.51	333.51
35	1	98.66	98.66	98.66	98.66	98.66	98.66	98.66	98.66	98.66	98.66	98.66	98.66
36	1	77.62	77.09	68.20	62.02	60.96	51.20	77.62	72.31	40.00	62.02	61.49	52.60
37	1	0.00	0.00	0.00	0.00	0.00	0.00	0.00	0.00	0.00	0.00	0.00	0.00
38	1	0.00	0.00	0.00	0.00	0.00	0.00	0.00	0.00	0.00	0.00	0.00	0.00
39	1	0.00	0.00	0.00	0.00	0.00	0.00	0.00	0.00	0.00	0.00	0.00	0.00
40	1	0.00	0.00	0.00	0.00	0.00	0.00	0.00	0.00	0.00	0.00	0.00	0.00
41	1	59.24	59.24	59.24	59.24	59.24	59.24	59.24	59.24	59.24	59.24	59.24	59.24
42	1	0.00	0.00	0.00	0.00	0.00	0.00	0.00	0.00	0.00	0.00	0.00	0.00
43	1	0.00	0.00	0.00	0.00	0.00	0.00	0.00	0.00	0.00	50.24	0.00	0.00
44	1	34.58	34.58	34.58	34.58	34.58	34.58	34.58	34.58	34.58	34.58	34.58	34.58
45	1	117.41	117.41	117.41	74.99	30.98	10.93	117.41	117.41	117.41	74.99	30.98	10.93
46	1	0.00	0.00	0.00	0.00	0.00	0.00	7.28	7.28	7.28	7.28	7.28	7.28
47	1	0.00	0.00	0.00	0.00	0.00	0.00	0.00	0.00	0.00	0.00	0.00	0.00
48	1	0.00	0.00	0.00	0.00	0.00	0.00	0.00	0.00	0.00	0.00	0.00	0.00
49	1	15.28	15.28	15.28	15.28	15.28	15.28	15.28	15.28	15.28	15.28	15.28	15.28
50	1	0.00	0.00	0.00	0.00	0.00	0.00	0.00	0.00	0.00	0.00	0.00	0.00
51	1	0.00	0.00	0.00	0.00	0.00	0.00	0.00	0.00	0.00	0.00	0.00	0.00
52	1	0.00	0.00	0.00	0.00	0.00	0.00	0.00	0.00	0.00	0.00	0.00	0.00
53	1	0.00	0.00	0.00	0.00	0.00	0.00	77.68	0.00	0.00	77.68	77.68	77.68
54	1	0.00	0.00	0.00	0.00	0.00	0.00	0.00	0.00	0.00	0.00	0.00	0.00
55	1	30.73	30.73	30.73	30.73	30.73	30.73	30.73	30.73	30.73	30.73	30.73	30.73
56	1	80.97	80.97	80.97	47.54	47.54	47.54	80.97	80.97	80.97	47.54	47.54	47.54
57	1	0.00	0.00	0.00	0.00	0.00	0.00	0.00	0.00	0.00	0.00	0.00	0.00
58	1	0.00	0.00	0.00	0.00	0.00	0.00	0.00	0.00	0.00	0.00	0.00	0.00
59	1	9.13	9.13	9.13	8.21	8.21	8.21	9.13	9.13	9.13	8.21	8.21	8.21
60	1	0.00	0.00	0.00	0.00	0.00	0.00	0.00	0.00	0.00	0.00	0.00	0.00
61	1	187.45	187.45	60.73	187.45	63.75	13.13	187.45	187.45	60.73	187.45	63.75	13.13
62	1	0.00	0.00	0.00	0.00	0.00	0.00	0.00	0.00	0.00	0.00	0.00	0.00
63	1	0.00	0.00	0.00	0.00	0.00	0.00	0.00	0.00	0.00	0.00	0.00	0.00
64	1	0.00	0.00	0.00	0.00	0.00	0.00	0.00	0.00	0.00	0.00	0.00	0.00
65	1	0.00	0.00	0.00	0.00	0.00	0.00	0.00	0.00	0.00	0.00	0.00	0.00
66	1	0.00	0.00	0.00	0.00	0.00	0.00	0.00	0.00	0.00	0.00	0.00	0.00
67	1	476.50	476.50	475.62	476.50	476.50	475.62	476.50	476.50	475.62	476.50	476.50	475.62
68	1	0.00	0.00	0.00	0.00	0.00	0.00	0.00	0.00	0.00	0.00	0.00	0.00
69	1	0.00	0.00	0.00	0.00	0.00	0.00	0.00	0.00	0.00	0.00	0.00	0.00
70	1	0.00	0.00	0.00	0.00	0.00	0.00	0.00	0.00	0.00	0.00	0.00	0.00
71	1	260.83	260.24	0.00	260.83	260.83	0.29	260.83	234.08	0.00	260.83	260.83	126.60
72	1	428.41	428.41	308.42	428.41	428.41	427.53	428.41	428.41	308.42	428.41	428.41	427.53
73	1	0.00	0.00	0.00	0.00	0.00	0.00	0.00	0.00	0.00	0.00	0.00	0.00
74	1	0.00	0.00	0.00	0.00	0.00	0.00	0.00	0.00	0.00	0.00	0.00	0.00
75	1	0.00	0.00	0.00	0.00	0.00	0.00	0.00	0.00	0.00	0.00	0.00	0.00
76	1	0.00	0.00	0.00	0.00	0.00	0.00	0.00	0.00	0.00	0.00	0.00	0.00
77	1	0.00	0.00	0.00	0.00	0.00	0.00	0.00	0.00	0.00	0.00	0.00	0.00
78	1	0.00	0.00	0.00	0.00	0.00	0.00	0.00	0.00	0.00	0.00	0.00	0.00
79	1	1073.20	1073.20	1004.10	1051.16	1026.52	839.63	1073.20	1073.20	1004.10	1051.16	1054.36	839.63
80	1	1112.03	1112.03	807.54	1112.03	1112.03	1112.03	1112.03	1112.03	836.92	1112.03	1112.03	1112.03
81	1	0.00	0.00	0.00	0.00	0.00	0.00	0.00	0.00	0.00	0.00	0.00	0.00
82	1	3.60	3.60	3.60	3.60	3.60	3.60	3.60	3.60	3.60	3.60	3.60	3.60
83	1	0.00	0.00	0.00	0.00	0.00	0.00	0.00	0.00	0.00	0.00	0.00	0.00
84	1	0.00	0.00	0.00	0.00	0.00	0.00	0.00	0.00	0.00	0.00	0.00	0.00
85	1	0.00	0.00	0.00	0.00	0.00	0.00	0.00	0.00	0.00	0.00	0.00	0.00
86	1	0.00	0.00	0.00	0.00	0.00	0.00	0.00	0.00	0.00	0.00	0.00	0.00
87	1	0.00	0.00	0.00	0.00	0.00	0.00	0.00	0.00	0.00	0.00	0.00	0.00
88	1	0.00	0.00	0.00	0.00	0.00	0.00	0.00	0.00	0.00	0.00	0.00	0.00
89	1	80.59	80.59	80.59	80.59	80.59	80.59	80.59	80.59	80.59	80.59	80.59	80.59
90	1	65.41	65.41	65.41	65.41	65.41	65.41	65.41	65.41	65.41	65.41	65.41	65.41
91	1	0.00	0.00	0.00	0.00	0.00	0.00	0.00	0.00	0.00	0.00	0.00	0.00
92	1	0.00	0.00	0.00	0.00	0.00	0.00	0.00	0.00	0.00	0.00	0.00	0.00
93	1	0.00	0.00	0.00	0.00	0.00	0.00	0.00	0.00	0.00	0.00	0.00	0.00
94	1	0.00	0.00	0.00	0.00	0.00	0.00	0.00	0.00	0.00	0.00	0.00	0.00
95	1	0.00	0.00	0.00	0.00	0.00	0.00	0.00	0.00	0.00	0.00	0.00	0.00
96	1	0.00	0.00	0.00	0.00	0.00	0.00	0.00	0.00	0.00	0.00	0.00	0.00
97	1	0.00	0.00	0.00	0.00	0.00	0.00	0.00	0.00	0.00	0.00	0.00	0.00
98	1	0.00	0.00	0.00	0.00	0.00	0.00	0.00	0.00	0.00	0.00	0.00	0.00
99	1	0.00	0.00	0.00	0.00	0.00	0.00	0.00	0.00	0.00	0.00	0.00	0.00
100	1	126.61	126.61	126.61	125.80	125.80	125.80	126.61	126.61	126.61	90.56	90.56	90.56
101	1	0.00	0.00	0.00	0.00	0.00	0.00	0.00	0.00	0.00	0.00	0.00	0.00
102	1	197.81	197.81	197.81	172.87	107.63	18.10	389.21	389.21	389.21	243.28	178.04	88.51
103	1	0.00	0.00	0.00	0.00	0.00	0.00	0.00	0.00	0.00	0.00	0.00	0.00
104	1	0.00	0.00	0.00	0.00	0.00	0.00	0.00	0.00	0.00	0.00	0.00	0.00
105	1	0.00	0.00	0.00	0.00	0.00	0.00	0.00	0.00	0.00	0.00	0.00	0.00
106	1	135.18	135.18	135.18	72.58	72.58	51.27	135.18	135.18	135.18	103.99	68.18	68.18
107	1	0.00	0.00	0.00	0.00	0.00	0.00	0.00	0.00	0.00	0.00	0.00	0.00
108	1	0.00	0.00	0.00	0.00	0.00	0.00	0.00	0.00	0.00	0.00	0.00	0.00
109	1	0.00	0.00	0.00	0.00	0.00	0.00	0.00	0.00	0.00	0.00	0.00	0.00
110	1	465.35	465.35	465.35	465.35	65.13	33.10	465.35	465.35	465.35	465.35	113.30	0.00
111	1	0.00	0.00	0.00	0.00	0.00	0.00	180.00	180.00	180.00	180.00	89.17	0.00
112	1	0.00	0.00	0.00	0.00	0.00	0.00	0.00	0.00	0.00	0.00	0.00	0.00
113	1	0.00	0.00	0.00	0.00	0.00	0.00	0.00	0.00	0.00	0.00	0.00	0.00
114	1	85.34	0.00	0.00	0.00	0.00	0.00	176.19	176.19	0.00	176.19	176.19	176.19
115	1	19.40	19.40	19.40	13.18	13.18	13.18	19.40	19.40	19.40	13.18	13.18	13.18
116	1	0.00	0.00	0.00	0.00	0.00	0.00	0.00	0.00	0.00	0.00	0.00	0.00
117	1	13.13	13.13	13.13	13.13	13.13	13.13	13.13	13.13	13.13	13.13	13.13	13.13
118	1	0.00	0.00	0.00	0.00	0.00	0.00	0.00	0.00	0.00	0.00	0.00	0.00
119	1	0.00	0.00	0.00	0.00	0.00	0.00	0.00	0.00	0.00	0.00	0.00	0.00
120	1	95.18	52.82	0.00	95.18	95.18	31.10	95.18	39.55	0.00	95.18	95.18	95.18
121	1	0.00	0.00	0.00	0.00	0.00	0.00	0.00	0.00	0.00	0.00	0.00	0.00
122	1	39.93	39.93	39.93	39.93	39.93	39.93	113.43	113.43	113.43	113.43	113.43	113.43
123	1	0.00	0.00	0.00	0.00	0.00	0.00	0.00	0.00	0.00	0.00	0.00	0.00
124	1	545.09	545.09	545.09	545.09	505.11	24.92	545.09	545.09	545.09	545.09	501.47	0.00
125	1	524.11	563.07	573.44	898.15	898.15	883.30	524.11	563.07	573.44	889.31	889.31	802.16
126	1	0.00	0.00	0.00	0.00	0.00	0.00	0.00	0.00	0.00	0.00	0.00	0.00
127	1	0.00	0.00	0.00	0.00	0.00	0.00	0.00	0.00	0.00	0.00	0.00	0.00
128	1	0.00	0.00	0.00	0.00	0.00	0.00	0.00	0.00	0.00	0.00	0.00	0.00
129	1	0.00	0.00	0.00	0.00	0.00	0.00	0.00	0.00	0.00	0.00	0.00	0.00
130	1	0.00	0.00	0.00	0.00	0.00	0.00	0.00	0.00	0.00	0.00	0.00	0.00
131	1	0.00	0.00	0.00	0.00	0.00	0.00	0.00	0.00	0.00	0.00	0.00	0.00
132	1	0.00	0.00	0.00	0.00	0.00	0.00	0.00	0.00	0.00	0.00	0.00	0.00
133	1	0.00	104.53	0.00	0.00	104.53	0.00	0.00	104.53	0.00	0.00	104.53	0.00
134	1	0.00	0.00	0.00	0.00	0.00	0.00	141.15	141.15	0.00	141.15	141.15	141.15
135	1	0.00	0.00	0.00	0.00	0.00	0.00	0.00	0.00	0.00	0.00	0.00	0.00
136	1	0.00	0.00	0.00	0.00	0.00	0.00	0.00	0.00	0.00	0.00	0.00	0.00
137	1	0.00	0.00	0.00	0.00	0.00	0.00	0.00	0.00	0.00	0.00	0.00	0.00
138	1	0.00	0.00	0.00	0.00	0.00	0.00	0.00	0.00	0.00	0.00	0.00	0.00
139	1	0.00	0.00	0.00	0.00	0.00	0.00	0.00	0.00	0.00	0.00	0.00	0.00
140	1	0.00	0.00	0.00	0.00	0.00	0.00	0.00	0.00	0.00	0.00	0.00	0.00
141	1	0.00	0.00	0.00	0.00	0.00	0.00	0.00	0.00	0.00	0.00	0.00	0.00
142	1	178.00	178.00	90.84	178.00	178.00	178.00	381.50	381.50	203.50	282.21	282.21	282.21
143	1	0.00	0.00	0.00	0.00	0.00	0.00	0.00	0.00	0.00	0.00	0.00	0.00
144	1	89.85	89.85	89.85	89.85	89.85	89.85	89.85	89.85	89.85	89.85	89.85	89.85
145	1	0.00	0.00	0.00	0.00	0.00	0.00	0.00	0.00	0.00	0.00	0.00	0.00
146	1	18.95	18.95	18.95	11.27	11.27	11.27	18.95	18.95	18.95	11.27	11.27	11.27
147	1	0.00	0.00	0.00	0.00	0.00	0.00	0.00	0.00	0.00	0.00	0.00	0.00
148	1	0.00	0.00	0.00	0.00	0.00	0.00	0.00	0.00	0.00	0.00	0.00	0.00
149	1	0.00	0.00	0.00	0.00	0.00	0.00	0.00	0.00	0.00	0.00	0.00	0.00
150	1	287.82	286.02	286.11	228.84	237.51	143.35	287.82	286.02	286.11	228.84	237.51	155.57
151	1	35.74	35.74	35.74	35.74	35.74	35.74	35.74	35.74	35.74	35.74	35.74	35.74
152	1	0.00	0.00	0.00	0.00	0.00	0.00	0.00	0.00	0.00	0.00	0.00	0.00
153	1	55.16	55.16	55.16	37.10	37.71	37.53	55.16	55.16	55.16	37.10	37.71	37.53
154	1	0.00	0.00	0.00	0.00	0.00	0.00	0.00	0.00	0.00	0.00	0.00	0.00
155	1	109.89	109.89	109.89	88.76	88.86	70.58	109.89	109.89	109.89	88.76	91.86	89.97
156	1	0.00	0.00	0.00	0.00	0.00	0.00	0.00	0.00	0.00	0.00	0.00	0.00
157	1	133.10	133.10	133.10	72.64	72.64	72.64	133.10	133.10	133.10	72.64	72.64	72.64
158	1	20.07	20.07	20.07	20.07	20.07	20.07	20.07	20.07	20.07	20.07	20.07	20.07
159	1	0.00	0.00	0.00	0.00	0.00	0.00	0.00	0.00	0.00	0.00	0.00	0.00
160	1	0.00	0.00	0.00	0.00	0.00	0.00	0.00	0.00	0.00	0.00	0.00	0.00
161	1	0.00	0.00	0.00	0.00	0.00	0.00	0.00	0.00	0.00	0.00	0.00	0.00
162	1	0.00	0.00	0.00	0.00	0.00	0.00	0.00	0.00	0.00	0.00	0.00	0.00
163	1	0.00	0.00	0.00	0.00	0.00	0.00	0.00	0.00	0.00	0.00	0.00	0.00
164	1	6.39	6.39	6.39	0.00	0.00	0.00	6.39	6.39	6.39	0.00	0.00	0.00
165	1	15.98	15.98	15.98	15.98	15.98	15.98	15.98	15.98	15.98	15.98	15.98	15.98
166	1	36.15	36.15	36.15	36.15	36.15	36.15	42.69	42.69	42.69	42.69	42.69	42.69
167	1	0.00	0.00	0.00	0.00	0.00	0.00	0.00	0.00	0.00	0.00	0.00	0.00
168	1	6.76	6.76	6.76	6.76	6.76	6.76	6.76	6.76	6.76	6.76	6.76	6.76
169	1	0.00	0.00	0.00	0.00	0.00	0.00	3.33	0.00	0.00	3.33	3.33	3.33
170	1	0.00	0.00	0.00	0.00	0.00	0.00	9.22	0.00	0.00	9.22	9.22	9.22
171	1	0.00	0.00	0.00	0.00	0.00	0.00	0.00	0.00	0.00	0.00	0.00	0.00
172	1	0.00	0.00	0.00	0.00	0.00	0.00	1.90	0.00	0.00	1.90	1.90	1.90
173	1	0.00	0.00	0.00	0.00	0.00	0.00	0.00	0.00	0.00	0.00	0.00	0.00
174	1	0.00	0.00	0.00	0.00	0.00	0.00	0.00	0.00	0.00	0.00	0.00	0.00
175	1	0.00	0.00	0.00	0.00	0.00	0.00	0.00	0.00	0.00	0.00	0.00	0.00
176	1	0.00	0.00	0.00	0.00	0.00	0.00	0.00	0.00	0.00	0.00	0.00	0.00
177	1	0.00	27.31	0.00	0.00	27.31	0.00	0.00	27.31	0.00	0.00	27.31	0.00
178	1	0.00	0.00	0.00	0.00	0.00	0.00	0.00	0.00	0.00	0.00	0.00	0.00
179	1	0.00	0.00	0.00	0.00	0.00	0.00	0.00	0.00	0.00	0.00	0.00	0.00
180	1	0.00	0.00	0.00	0.00	0.00	0.00	0.00	0.00	0.00	0.00	0.00	0.00
181	1	0.00	0.00	0.00	0.00	0.00	0.00	0.00	0.00	0.00	0.00	0.00	0.00
182	1	10.50	4.29	0.00	10.50	3.97	3.97	9.72	0.00	0.00	10.50	10.50	8.35
183	1	0.00	23.60	0.00	0.00	23.60	0.00	0.00	23.60	0.00	0.00	23.60	0.00
184	1	0.00	0.00	0.00	0.00	0.00	0.00	0.00	0.00	0.00	0.00	0.00	0.00
185	1	0.00	0.00	0.00	0.00	0.00	0.00	0.00	0.00	0.00	0.00	0.00	0.00
186	1	0.00	0.00	0.00	0.00	0.00	0.00	0.00	0.00	0.00	0.00	0.00	0.00
187	1	0.00	0.00	0.00	0.00	0.00	0.00	0.00	0.00	0.00	0.00	0.00	0.00
188	1	0.00	0.00	0.00	0.00	0.00	0.00	0.00	0.00	0.00	0.00	0.00	0.00
189	1	0.00	0.00	0.00	0.00	0.00	0.00	0.00	0.00	0.00	0.00	0.00	0.00
190	1	0.00	0.00	0.00	0.00	0.00	0.00	0.00	0.00	0.00	0.00	0.00	0.00
191	1	0.00	0.00	0.00	0.00	0.00	0.00	0.00	0.00	0.00	0.00	0.00	0.00
192	1	0.00	0.00	0.00	0.00	0.00	0.00	0.00	0.00	0.00	0.00	0.00	0.00
193	1	0.00	0.00	0.00	0.00	0.00	0.00	0.00	0.00	0.00	0.00	0.00	0.00
194	1	170.46	170.46	170.46	135.66	135.66	135.66	170.46	170.46	170.46	135.66	135.66	135.66
195	1	0.00	0.00	0.00	0.00	0.00	0.00	0.00	0.00	0.00	0.00	0.00	0.00
196	1	0.00	0.00	0.00	0.00	0.00	0.00	0.00	0.00	0.00	0.00	0.00	0.00
197	1	0.00	0.00	0.00	0.00	0.00	0.00	0.00	0.00	0.00	0.00	0.00	0.00
198	1	0.00	0.00	0.00	0.00	0.00	0.00	0.00	0.00	0.00	0.00	0.00	0.00
199	1	0.00	0.00	0.00	0.00	0.00	0.00	0.00	0.00	0.00	0.00	0.00	0.00
200	1	0.00	0.00	0.00	0.00	0.00	0.00	0.00	0.00	0.00	0.00	0.00	0.00
201	1	0.00	0.00	0.00	0.00	0.00	0.00	0.00	0.00	0.00	0.00	0.00	0.00
202	1	0.00	0.00	0.00	0.00	0.00	0.00	0.00	0.00	0.00	0.00	0.00	0.00
203	1	0.00	0.00	0.00	0.00	0.00	0.00	0.00	0.00	0.00	0.00	0.00	0.00
204	1	0.00	0.00	0.00	0.00	0.00	0.00	0.00	0.00	0.00	0.00	0.00	0.00
205	1	161.49	161.49	161.49	151.59	151.59	151.59	161.49	161.49	161.49	151.59	151.59	151.59
206	1	0.00	0.00	0.00	0.00	0.00	0.00	0.00	0.00	0.00	0.00	0.00	0.00
207	1	0.00	0.00	0.00	0.00	0.00	0.00	0.00	0.00	0.00	0.00	0.00	0.00
208	1	0.00	0.00	0.00	0.00	0.00	0.00	0.00	0.00	0.00	0.00	0.00	0.00
209	1	19.22	19.22	19.22	17.86	18.12	18.18	18.82	18.82	18.82	17.94	18.20	18.26
210	1	124.88	48.67	0.00	113.60	72.73	72.73	124.88	0.00	0.00	124.88	124.88	82.92
211	1	26.44	26.84	5.83	30.68	30.68	28.65	36.75	16.02	1.17	40.34	40.34	40.34
212	1	0.00	0.00	0.00	0.00	0.00	0.00	0.00	0.00	0.00	0.00	0.00	0.00
213	1	7.75	26.65	7.75	7.75	26.65	7.75	4.76	23.67	4.76	7.75	26.65	7.75
214	1	0.00	0.00	0.00	0.00	0.00	0.00	24.39	24.39	0.00	24.39	24.39	24.39
215	1	35.28	0.75	0.00	34.74	34.12	1.69	35.28	0.00	0.00	34.74	34.12	34.12
216	1	88.96	88.96	88.96	86.45	86.45	86.45	96.03	96.03	96.03	93.52	93.52	93.52
217	1	30.24	30.24	30.24	31.38	31.38	31.38	30.24	30.24	30.24	31.38	31.38	31.38
218	1	0.00	0.00	0.00	0.00	0.00	0.00	0.00	0.00	0.00	0.00	0.00	0.00
219	1	7.17	7.17	7.14	7.17	7.17	7.14	7.17	7.17	7.14	7.17	7.17	7.14
220	1	0.00	0.00	0.00	0.00	0.00	0.00	0.00	0.00	0.00	0.00	0.00	0.00
221	1	0.00	0.00	0.00	0.00	0.00	0.00	0.00	0.00	0.00	0.00	0.00	0.00
222	1	0.00	0.00	0.00	0.00	0.00	0.00	0.00	0.00	0.00	0.00	0.00	0.00
223	1	62.65	62.65	62.65	62.65	62.65	62.65	101.93	101.93	101.93	105.57	105.57	105.57
224	1	0.00	0.00	0.00	0.00	0.00	0.00	0.00	0.00	0.00	0.00	0.00	0.00
225	1	0.00	0.00	0.00	0.00	0.00	0.00	0.00	0.00	0.00	0.00	0.00	0.00
226	1	0.00	0.00	0.00	0.00	0.00	0.00	0.00	0.00	0.00	0.00	0.00	0.00
227	1	0.00	0.00	0.00	0.00	0.00	0.00	0.00	0.00	0.00	0.00	0.00	0.00
228	1	0.00	0.00	0.00	0.00	0.00	0.00	0.00	0.00	0.00	0.00	0.00	0.00
229	1	0.00	0.00	0.00	0.00	0.00	0.00	0.00	0.00	0.00	0.00	0.00	0.00
230	1	0.00	0.00	0.00	0.00	0.00	0.00	0.00	0.00	0.00	0.00	0.00	0.00
231	1	0.00	0.00	0.00	0.00	0.00	0.00	0.00	0.00	0.00	0.00	0.00	0.00
232	1	29.13	29.13	29.13	29.13	29.13	29.13	29.13	29.13	29.13	29.13	29.13	29.13
233	1	0.00	0.00	0.00	0.00	0.00	0.00	0.00	0.00	0.00	0.00	0.00	0.00
234	1	0.00	0.00	0.00	0.00	0.00	0.00	0.00	0.00	0.00	0.00	0.00	0.00
235	1	0.00	0.00	0.00	0.00	0.00	0.00	0.00	0.00	0.00	0.00	0.00	0.00
236	1	0.00	0.00	0.00	0.00	0.00	0.00	0.00	0.00	0.00	0.00	0.00	0.00
237	1	40.00	40.00	40.00	40.00	40.00	40.00	40.00	40.00	40.00	40.00	40.00	40.00
238	1	0.00	0.00	0.00	0.00	0.00	0.00	0.00	0.00	0.00	0.00	0.00	0.00
239	1	0.00	0.00	0.00	0.00	0.00	0.00	0.00	0.00	0.00	0.00	0.00	0.00
240	1	0.00	0.00	0.00	0.00	0.00	0.00	0.00	0.00	0.00	0.00	0.00	0.00
241	1	0.00	0.00	0.00	0.00	0.00	0.00	0.00	0.00	0.00	0.00	0.00	0.00
242	1	0.00	0.00	0.00	0.00	0.00	0.00	0.00	0.00	0.00	0.00	0.00	0.00
243	1	0.00	0.00	0.00	0.00	0.00	0.00	0.00	0.00	0.00	0.00	0.00	0.00
244	1	16.94	17.77	0.00	21.11	21.36	21.43	86.88	87.72	0.00	91.05	91.31	91.37
245	1	0.00	0.00	0.00	0.00	0.00	0.00	0.00	0.00	0.00	0.00	0.00	0.00
246	1	0.00	0.00	0.00	0.00	0.00	0.00	49.27	0.00	0.00	34.49	38.68	39.69
247	1	0.00	0.00	0.00	0.00	0.00	0.00	0.00	0.00	0.00	0.00	0.00	0.00
248	1	0.00	0.00	0.00	0.00	0.00	0.00	0.00	0.00	0.00	0.00	0.00	0.00
249	1	0.00	0.00	0.00	0.00	0.00	0.00	0.00	0.00	0.00	0.00	0.00	0.00
250	1	0.00	0.00	0.00	0.00	0.00	0.00	0.00	0.00	0.00	0.00	0.00	0.00
251	1	0.00	0.00	0.00	0.00	0.00	0.00	0.00	0.00	0.00	0.00	0.00	0.00
252	1	8.01	8.01	8.01	8.01	8.01	8.01	8.01	8.01	8.01	8.01	8.01	8.01
253	1	0.00	0.00	0.00	0.00	0.00	0.00	0.00	0.00	0.00	0.00	0.00	0.00
254	1	0.00	0.00	0.00	0.00	0.00	0.00	0.00	0.00	0.00	0.00	0.00	0.00
255	1	0.00	0.00	0.00	0.00	0.00	0.00	0.00	0.00	0.00	0.00	0.00	0.00
256	1	25.54	25.54	25.54	32.96	32.96	32.96	25.54	25.54	25.54	32.96	32.96	32.96
257	1	0.00	0.00	0.00	0.00	0.00	0.00	0.00	0.00	0.00	0.00	0.00	0.00
258	1	6.82	6.82	6.82	8.50	8.50	8.50	6.82	6.82	6.82	8.50	8.50	8.50
259	1	48.00	32.86	0.00	48.00	17.34	1.63	48.00	13.78	0.00	48.00	17.34	0.00
260	1	0.00	0.00	0.00	0.00	0.00	0.00	0.00	0.00	0.00	0.00	0.00	0.00
261	1	0.00	0.00	0.00	0.00	0.00	0.00	0.00	0.00	0.00	0.00	0.00	0.00
262	1	0.00	0.00	0.00	0.00	0.00	0.00	0.00	0.00	0.00	0.00	0.00	0.00
263	1	0.00	0.00	0.00	0.00	0.00	0.00	0.00	0.00	0.00	0.00	0.00	0.00
264	1	0.00	0.00	0.00	0.00	0.00	0.00	0.00	0.00	0.00	0.00	0.00	0.00
265	1	0.00	0.00	0.00	0.00	0.00	0.00	0.00	0.00	0.00	0.00	0.00	0.00
266	1	0.00	11.89	0.00	0.00	11.89	0.00	0.00	11.89	0.00	0.00	11.89	0.00
267	1	0.00	0.00	0.00	0.00	0.00	0.00	0.00	0.00	0.00	0.00	0.00	0.00
268	1	16.20	7.69	0.00	16.15	7.55	6.15	16.20	0.00	0.00	16.15	16.15	16.15
269	1	0.00	0.00	0.00	0.00	0.00	0.00	0.00	0.00	0.00	0.00	0.00	0.00
270	1	0.00	0.00	0.00	0.00	0.00	0.00	0.00	0.00	0.00	0.00	0.00	0.00
271	1	0.00	0.00	0.00	0.00	0.00	0.00	0.00	0.00	0.00	0.00	0.00	0.00
272	1	0.00	0.00	0.00	0.00	0.00	0.00	0.00	0.00	0.00	0.00	0.00	0.00
273	1	0.00	0.00	0.00	0.00	0.00	0.00	0.00	0.00	0.00	0.00	0.00	0.00
274	1	0.00	0.00	0.00	0.00	0.00	0.00	0.00	0.00	0.00	0.00	0.00	0.00
275	1	0.00	0.00	0.00	0.00	0.00	0.00	0.00	0.00	0.00	0.00	0.00	0.00
276	1	0.00	0.00	0.00	0.00	0.00	0.00	0.00	0.00	0.00	0.00	0.00	0.00
277	1	0.00	0.00	0.00	0.00	0.00	0.00	0.00	0.00	0.00	0.00	0.00	0.00
278	1	0.00	0.00	0.00	0.00	0.00	0.00	0.00	0.00	0.00	0.00	0.00	0.00
279	1	0.00	0.00	0.00	0.00	0.00	0.00	0.00	0.00	0.00	0.00	0.00	0.00
		]
#param gmaxC[*,*,*]:   1  2	:=
gmaxC= [
1	1	0.00	0.00	0.00	0.00	0.00	0.00	0.00	0.00	0.00	0.00	0.00	0.00
2	1	0.00	0.00	0.00	0.00	0.00	0.00	0.00	0.00	0.00	0.00	0.00	0.00
3	1	0.00	0.00	0.00	0.00	0.00	0.00	0.00	0.00	0.00	0.00	0.00	0.00
4	1	0.00	0.00	0.00	0.00	0.00	0.00	0.00	0.00	0.00	0.00	0.00	0.00
5	1	0.00	0.00	0.00	0.00	0.00	0.00	0.00	0.00	0.00	0.00	0.00	0.00
6	1	0.00	0.00	0.00	0.00	0.00	0.00	0.00	0.00	0.00	0.00	0.00	0.00
7	1	0.00	0.00	0.00	0.00	0.00	0.00	0.00	0.00	0.00	0.00	0.00	0.00
8	1	0.00	0.00	0.00	0.00	0.00	0.00	0.00	0.00	0.00	0.00	0.00	0.00
9	1	0.00	0.00	0.00	0.00	0.00	0.00	0.00	0.00	0.00	0.00	0.00	0.00
10	1	0.00	0.00	0.00	0.00	0.00	0.00	105.64	0.00	0.00	193.00	0.00	0.00
11	1	0.00	0.00	0.00	0.00	0.00	0.00	0.00	0.00	0.00	0.00	0.00	0.00
12	1	0.00	0.00	0.00	0.00	0.00	0.00	0.00	0.00	0.00	0.00	0.00	0.00
13	1	842.30	842.30	842.30	765.40	776.70	779.43	842.30	842.30	842.30	765.40	776.70	779.43
14	1	0.00	0.00	0.00	0.00	0.00	0.00	0.00	0.00	0.00	0.00	0.00	0.00
15	1	0.00	0.00	0.00	0.00	0.00	0.00	0.00	0.00	0.00	0.00	0.00	0.00
16	1	0.00	0.00	0.00	0.00	0.00	0.00	0.00	0.00	0.00	0.00	0.00	0.00
17	1	984.30	984.30	610.88	984.30	984.30	984.30	193.00	0.00	0.00	193.00	193.00	193.00
18	1	685.15	7.16	0.00	685.15	451.36	391.83	0.00	0.00	0.00	0.00	0.00	0.00
19	1	0.00	0.00	0.00	0.00	0.00	0.00	0.00	0.00	0.00	0.00	0.00	0.00
20	1	0.00	0.00	0.00	0.00	0.00	0.00	0.00	0.00	0.00	0.00	0.00	0.00
21	1	0.00	0.00	0.00	0.00	0.00	0.00	0.00	0.00	0.00	0.00	0.00	0.00
22	1	0.00	0.00	0.00	0.00	0.00	0.00	0.00	0.00	0.00	0.00	0.00	0.00
23	1	0.00	0.00	0.00	0.00	0.00	0.00	0.00	0.00	0.00	0.00	0.00	0.00
24	1	0.00	0.00	0.00	0.00	0.00	0.00	0.00	0.00	0.00	0.00	0.00	0.00
25	1	0.00	0.00	0.00	0.00	0.00	0.00	0.00	0.00	0.00	0.00	0.00	0.00
26	1	0.00	0.00	0.00	0.00	0.00	0.00	0.00	0.00	0.00	0.00	0.00	0.00
27	1	0.00	0.00	0.00	0.00	0.00	0.00	0.00	0.00	0.00	0.00	0.00	0.00
28	1	0.00	0.00	0.00	0.00	0.00	0.00	0.00	0.00	0.00	0.00	0.00	0.00
29	1	0.00	0.00	0.00	0.00	0.00	0.00	0.00	0.00	0.00	0.00	0.00	0.00
30	1	0.00	0.00	0.00	0.00	0.00	0.00	0.00	0.00	0.00	0.00	0.00	0.00
31	1	0.00	0.00	0.00	0.00	0.00	0.00	0.00	0.00	0.00	0.00	0.00	0.00
32	1	0.00	0.00	0.00	0.00	0.00	0.00	9.23	10.12	0.00	15.52	15.52	15.52
33	1	0.00	0.00	0.00	0.00	0.00	0.00	0.00	0.00	0.00	0.00	0.00	0.00
34	1	154.38	154.38	154.38	154.38	154.38	154.38	333.51	154.38	154.38	333.51	333.51	333.51
35	1	98.66	98.66	98.66	98.66	98.66	98.66	98.66	98.66	98.66	98.66	98.66	98.66
36	1	77.62	77.09	68.20	62.02	60.96	51.20	77.62	72.31	40.00	62.02	61.49	52.60
37	1	0.00	0.00	0.00	0.00	0.00	0.00	0.00	0.00	0.00	0.00	0.00	0.00
38	1	0.00	0.00	0.00	0.00	0.00	0.00	0.00	0.00	0.00	0.00	0.00	0.00
39	1	0.00	0.00	0.00	0.00	0.00	0.00	0.00	0.00	0.00	0.00	0.00	0.00
40	1	0.00	0.00	0.00	0.00	0.00	0.00	0.00	0.00	0.00	0.00	0.00	0.00
41	1	59.24	59.24	59.24	59.24	59.24	59.24	59.24	59.24	59.24	59.24	59.24	59.24
42	1	0.00	0.00	0.00	0.00	0.00	0.00	0.00	0.00	0.00	0.00	0.00	0.00
43	1	0.00	0.00	0.00	0.00	0.00	0.00	0.00	0.00	0.00	50.24	0.00	0.00
44	1	34.58	34.58	34.58	34.58	34.58	34.58	34.58	34.58	34.58	34.58	34.58	34.58
45	1	117.41	117.41	117.41	74.99	30.98	10.93	117.41	117.41	117.41	74.99	30.98	10.93
46	1	0.00	0.00	0.00	0.00	0.00	0.00	7.28	7.28	7.28	7.28	7.28	7.28
47	1	0.00	0.00	0.00	0.00	0.00	0.00	0.00	0.00	0.00	0.00	0.00	0.00
48	1	0.00	0.00	0.00	0.00	0.00	0.00	0.00	0.00	0.00	0.00	0.00	0.00
49	1	15.28	15.28	15.28	15.28	15.28	15.28	15.28	15.28	15.28	15.28	15.28	15.28
50	1	0.00	0.00	0.00	0.00	0.00	0.00	0.00	0.00	0.00	0.00	0.00	0.00
51	1	0.00	0.00	0.00	0.00	0.00	0.00	0.00	0.00	0.00	0.00	0.00	0.00
52	1	0.00	0.00	0.00	0.00	0.00	0.00	0.00	0.00	0.00	0.00	0.00	0.00
53	1	0.00	0.00	0.00	0.00	0.00	0.00	77.68	0.00	0.00	77.68	77.68	77.68
54	1	0.00	0.00	0.00	0.00	0.00	0.00	0.00	0.00	0.00	0.00	0.00	0.00
55	1	30.73	30.73	30.73	30.73	30.73	30.73	30.73	30.73	30.73	30.73	30.73	30.73
56	1	80.97	80.97	80.97	47.54	47.54	47.54	80.97	80.97	80.97	47.54	47.54	47.54
57	1	0.00	0.00	0.00	0.00	0.00	0.00	0.00	0.00	0.00	0.00	0.00	0.00
58	1	0.00	0.00	0.00	0.00	0.00	0.00	0.00	0.00	0.00	0.00	0.00	0.00
59	1	9.13	9.13	9.13	8.21	8.21	8.21	9.13	9.13	9.13	8.21	8.21	8.21
60	1	0.00	0.00	0.00	0.00	0.00	0.00	0.00	0.00	0.00	0.00	0.00	0.00
61	1	187.45	187.45	60.73	187.45	63.75	13.13	187.45	187.45	60.73	187.45	63.75	13.13
62	1	0.00	0.00	0.00	0.00	0.00	0.00	0.00	0.00	0.00	0.00	0.00	0.00
63	1	0.00	0.00	0.00	0.00	0.00	0.00	0.00	0.00	0.00	0.00	0.00	0.00
64	1	0.00	0.00	0.00	0.00	0.00	0.00	0.00	0.00	0.00	0.00	0.00	0.00
65	1	0.00	0.00	0.00	0.00	0.00	0.00	0.00	0.00	0.00	0.00	0.00	0.00
66	1	0.00	0.00	0.00	0.00	0.00	0.00	0.00	0.00	0.00	0.00	0.00	0.00
67	1	476.50	476.50	475.62	476.50	476.50	475.62	476.50	476.50	475.62	476.50	476.50	475.62
68	1	0.00	0.00	0.00	0.00	0.00	0.00	0.00	0.00	0.00	0.00	0.00	0.00
69	1	0.00	0.00	0.00	0.00	0.00	0.00	0.00	0.00	0.00	0.00	0.00	0.00
70	1	0.00	0.00	0.00	0.00	0.00	0.00	0.00	0.00	0.00	0.00	0.00	0.00
71	1	260.83	260.24	0.00	260.83	260.83	0.29	260.83	234.08	0.00	260.83	260.83	126.60
72	1	428.41	428.41	308.42	428.41	428.41	427.53	428.41	428.41	308.42	428.41	428.41	427.53
73	1	0.00	0.00	0.00	0.00	0.00	0.00	0.00	0.00	0.00	0.00	0.00	0.00
74	1	0.00	0.00	0.00	0.00	0.00	0.00	0.00	0.00	0.00	0.00	0.00	0.00
75	1	0.00	0.00	0.00	0.00	0.00	0.00	0.00	0.00	0.00	0.00	0.00	0.00
76	1	0.00	0.00	0.00	0.00	0.00	0.00	0.00	0.00	0.00	0.00	0.00	0.00
77	1	0.00	0.00	0.00	0.00	0.00	0.00	0.00	0.00	0.00	0.00	0.00	0.00
78	1	0.00	0.00	0.00	0.00	0.00	0.00	0.00	0.00	0.00	0.00	0.00	0.00
79	1	1073.20	1073.20	1004.10	1051.16	1026.52	839.63	1073.20	1073.20	1004.10	1051.16	1054.36	839.63
80	1	1112.03	1112.03	807.54	1112.03	1112.03	1112.03	1112.03	1112.03	836.92	1112.03	1112.03	1112.03
81	1	0.00	0.00	0.00	0.00	0.00	0.00	0.00	0.00	0.00	0.00	0.00	0.00
82	1	3.60	3.60	3.60	3.60	3.60	3.60	3.60	3.60	3.60	3.60	3.60	3.60
83	1	0.00	0.00	0.00	0.00	0.00	0.00	0.00	0.00	0.00	0.00	0.00	0.00
84	1	0.00	0.00	0.00	0.00	0.00	0.00	0.00	0.00	0.00	0.00	0.00	0.00
85	1	0.00	0.00	0.00	0.00	0.00	0.00	0.00	0.00	0.00	0.00	0.00	0.00
86	1	0.00	0.00	0.00	0.00	0.00	0.00	0.00	0.00	0.00	0.00	0.00	0.00
87	1	0.00	0.00	0.00	0.00	0.00	0.00	0.00	0.00	0.00	0.00	0.00	0.00
88	1	0.00	0.00	0.00	0.00	0.00	0.00	0.00	0.00	0.00	0.00	0.00	0.00
89	1	80.59	80.59	80.59	80.59	80.59	80.59	80.59	80.59	80.59	80.59	80.59	80.59
90	1	65.41	65.41	65.41	65.41	65.41	65.41	65.41	65.41	65.41	65.41	65.41	65.41
91	1	0.00	0.00	0.00	0.00	0.00	0.00	0.00	0.00	0.00	0.00	0.00	0.00
92	1	0.00	0.00	0.00	0.00	0.00	0.00	0.00	0.00	0.00	0.00	0.00	0.00
93	1	0.00	0.00	0.00	0.00	0.00	0.00	0.00	0.00	0.00	0.00	0.00	0.00
94	1	0.00	0.00	0.00	0.00	0.00	0.00	0.00	0.00	0.00	0.00	0.00	0.00
95	1	0.00	0.00	0.00	0.00	0.00	0.00	0.00	0.00	0.00	0.00	0.00	0.00
96	1	0.00	0.00	0.00	0.00	0.00	0.00	0.00	0.00	0.00	0.00	0.00	0.00
97	1	0.00	0.00	0.00	0.00	0.00	0.00	0.00	0.00	0.00	0.00	0.00	0.00
98	1	0.00	0.00	0.00	0.00	0.00	0.00	0.00	0.00	0.00	0.00	0.00	0.00
99	1	0.00	0.00	0.00	0.00	0.00	0.00	0.00	0.00	0.00	0.00	0.00	0.00
100	1	126.61	126.61	126.61	125.80	125.80	125.80	126.61	126.61	126.61	90.56	90.56	90.56
101	1	0.00	0.00	0.00	0.00	0.00	0.00	0.00	0.00	0.00	0.00	0.00	0.00
102	1	197.81	197.81	197.81	172.87	107.63	18.10	389.21	389.21	389.21	243.28	178.04	88.51
103	1	0.00	0.00	0.00	0.00	0.00	0.00	0.00	0.00	0.00	0.00	0.00	0.00
104	1	0.00	0.00	0.00	0.00	0.00	0.00	0.00	0.00	0.00	0.00	0.00	0.00
105	1	0.00	0.00	0.00	0.00	0.00	0.00	0.00	0.00	0.00	0.00	0.00	0.00
106	1	135.18	135.18	135.18	72.58	72.58	51.27	135.18	135.18	135.18	103.99	68.18	68.18
107	1	0.00	0.00	0.00	0.00	0.00	0.00	0.00	0.00	0.00	0.00	0.00	0.00
108	1	0.00	0.00	0.00	0.00	0.00	0.00	0.00	0.00	0.00	0.00	0.00	0.00
109	1	0.00	0.00	0.00	0.00	0.00	0.00	0.00	0.00	0.00	0.00	0.00	0.00
110	1	465.35	465.35	465.35	465.35	65.13	33.10	465.35	465.35	465.35	465.35	113.30	0.00
111	1	0.00	0.00	0.00	0.00	0.00	0.00	180.00	180.00	180.00	180.00	89.17	0.00
112	1	0.00	0.00	0.00	0.00	0.00	0.00	0.00	0.00	0.00	0.00	0.00	0.00
113	1	0.00	0.00	0.00	0.00	0.00	0.00	0.00	0.00	0.00	0.00	0.00	0.00
114	1	85.34	0.00	0.00	0.00	0.00	0.00	176.19	176.19	0.00	176.19	176.19	176.19
115	1	19.40	19.40	19.40	13.18	13.18	13.18	19.40	19.40	19.40	13.18	13.18	13.18
116	1	0.00	0.00	0.00	0.00	0.00	0.00	0.00	0.00	0.00	0.00	0.00	0.00
117	1	13.13	13.13	13.13	13.13	13.13	13.13	13.13	13.13	13.13	13.13	13.13	13.13
118	1	0.00	0.00	0.00	0.00	0.00	0.00	0.00	0.00	0.00	0.00	0.00	0.00
119	1	0.00	0.00	0.00	0.00	0.00	0.00	0.00	0.00	0.00	0.00	0.00	0.00
120	1	95.18	52.82	0.00	95.18	95.18	31.10	95.18	39.55	0.00	95.18	95.18	95.18
121	1	0.00	0.00	0.00	0.00	0.00	0.00	0.00	0.00	0.00	0.00	0.00	0.00
122	1	39.93	39.93	39.93	39.93	39.93	39.93	113.43	113.43	113.43	113.43	113.43	113.43
123	1	0.00	0.00	0.00	0.00	0.00	0.00	0.00	0.00	0.00	0.00	0.00	0.00
124	1	545.09	545.09	545.09	545.09	505.11	24.92	545.09	545.09	545.09	545.09	501.47	0.00
125	1	524.11	563.07	573.44	898.15	898.15	883.30	524.11	563.07	573.44	889.31	889.31	802.16
126	1	0.00	0.00	0.00	0.00	0.00	0.00	0.00	0.00	0.00	0.00	0.00	0.00
127	1	0.00	0.00	0.00	0.00	0.00	0.00	0.00	0.00	0.00	0.00	0.00	0.00
128	1	0.00	0.00	0.00	0.00	0.00	0.00	0.00	0.00	0.00	0.00	0.00	0.00
129	1	0.00	0.00	0.00	0.00	0.00	0.00	0.00	0.00	0.00	0.00	0.00	0.00
130	1	0.00	0.00	0.00	0.00	0.00	0.00	0.00	0.00	0.00	0.00	0.00	0.00
131	1	0.00	0.00	0.00	0.00	0.00	0.00	0.00	0.00	0.00	0.00	0.00	0.00
132	1	0.00	0.00	0.00	0.00	0.00	0.00	0.00	0.00	0.00	0.00	0.00	0.00
133	1	0.00	104.53	0.00	0.00	104.53	0.00	0.00	104.53	0.00	0.00	104.53	0.00
134	1	0.00	0.00	0.00	0.00	0.00	0.00	141.15	141.15	0.00	141.15	141.15	141.15
135	1	0.00	0.00	0.00	0.00	0.00	0.00	0.00	0.00	0.00	0.00	0.00	0.00
136	1	0.00	0.00	0.00	0.00	0.00	0.00	0.00	0.00	0.00	0.00	0.00	0.00
137	1	0.00	0.00	0.00	0.00	0.00	0.00	0.00	0.00	0.00	0.00	0.00	0.00
138	1	0.00	0.00	0.00	0.00	0.00	0.00	0.00	0.00	0.00	0.00	0.00	0.00
139	1	0.00	0.00	0.00	0.00	0.00	0.00	0.00	0.00	0.00	0.00	0.00	0.00
140	1	0.00	0.00	0.00	0.00	0.00	0.00	0.00	0.00	0.00	0.00	0.00	0.00
141	1	0.00	0.00	0.00	0.00	0.00	0.00	0.00	0.00	0.00	0.00	0.00	0.00
142	1	178.00	178.00	90.84	178.00	178.00	178.00	381.50	381.50	203.50	282.21	282.21	282.21
143	1	0.00	0.00	0.00	0.00	0.00	0.00	0.00	0.00	0.00	0.00	0.00	0.00
144	1	89.85	89.85	89.85	89.85	89.85	89.85	89.85	89.85	89.85	89.85	89.85	89.85
145	1	0.00	0.00	0.00	0.00	0.00	0.00	0.00	0.00	0.00	0.00	0.00	0.00
146	1	18.95	18.95	18.95	11.27	11.27	11.27	18.95	18.95	18.95	11.27	11.27	11.27
147	1	0.00	0.00	0.00	0.00	0.00	0.00	0.00	0.00	0.00	0.00	0.00	0.00
148	1	0.00	0.00	0.00	0.00	0.00	0.00	0.00	0.00	0.00	0.00	0.00	0.00
149	1	0.00	0.00	0.00	0.00	0.00	0.00	0.00	0.00	0.00	0.00	0.00	0.00
150	1	287.82	286.02	286.11	228.84	237.51	143.35	287.82	286.02	286.11	228.84	237.51	155.57
151	1	35.74	35.74	35.74	35.74	35.74	35.74	35.74	35.74	35.74	35.74	35.74	35.74
152	1	0.00	0.00	0.00	0.00	0.00	0.00	0.00	0.00	0.00	0.00	0.00	0.00
153	1	55.16	55.16	55.16	37.10	37.71	37.53	55.16	55.16	55.16	37.10	37.71	37.53
154	1	0.00	0.00	0.00	0.00	0.00	0.00	0.00	0.00	0.00	0.00	0.00	0.00
155	1	109.89	109.89	109.89	88.76	88.86	70.58	109.89	109.89	109.89	88.76	91.86	89.97
156	1	0.00	0.00	0.00	0.00	0.00	0.00	0.00	0.00	0.00	0.00	0.00	0.00
157	1	133.10	133.10	133.10	72.64	72.64	72.64	133.10	133.10	133.10	72.64	72.64	72.64
158	1	20.07	20.07	20.07	20.07	20.07	20.07	20.07	20.07	20.07	20.07	20.07	20.07
159	1	0.00	0.00	0.00	0.00	0.00	0.00	0.00	0.00	0.00	0.00	0.00	0.00
160	1	0.00	0.00	0.00	0.00	0.00	0.00	0.00	0.00	0.00	0.00	0.00	0.00
161	1	0.00	0.00	0.00	0.00	0.00	0.00	0.00	0.00	0.00	0.00	0.00	0.00
162	1	0.00	0.00	0.00	0.00	0.00	0.00	0.00	0.00	0.00	0.00	0.00	0.00
163	1	0.00	0.00	0.00	0.00	0.00	0.00	0.00	0.00	0.00	0.00	0.00	0.00
164	1	6.39	6.39	6.39	0.00	0.00	0.00	6.39	6.39	6.39	0.00	0.00	0.00
165	1	15.98	15.98	15.98	15.98	15.98	15.98	15.98	15.98	15.98	15.98	15.98	15.98
166	1	36.15	36.15	36.15	36.15	36.15	36.15	42.69	42.69	42.69	42.69	42.69	42.69
167	1	0.00	0.00	0.00	0.00	0.00	0.00	0.00	0.00	0.00	0.00	0.00	0.00
168	1	6.76	6.76	6.76	6.76	6.76	6.76	6.76	6.76	6.76	6.76	6.76	6.76
169	1	0.00	0.00	0.00	0.00	0.00	0.00	3.33	0.00	0.00	3.33	3.33	3.33
170	1	0.00	0.00	0.00	0.00	0.00	0.00	9.22	0.00	0.00	9.22	9.22	9.22
171	1	0.00	0.00	0.00	0.00	0.00	0.00	0.00	0.00	0.00	0.00	0.00	0.00
172	1	0.00	0.00	0.00	0.00	0.00	0.00	1.90	0.00	0.00	1.90	1.90	1.90
173	1	0.00	0.00	0.00	0.00	0.00	0.00	0.00	0.00	0.00	0.00	0.00	0.00
174	1	0.00	0.00	0.00	0.00	0.00	0.00	0.00	0.00	0.00	0.00	0.00	0.00
175	1	0.00	0.00	0.00	0.00	0.00	0.00	0.00	0.00	0.00	0.00	0.00	0.00
176	1	0.00	0.00	0.00	0.00	0.00	0.00	0.00	0.00	0.00	0.00	0.00	0.00
177	1	0.00	27.31	0.00	0.00	27.31	0.00	0.00	27.31	0.00	0.00	27.31	0.00
178	1	0.00	0.00	0.00	0.00	0.00	0.00	0.00	0.00	0.00	0.00	0.00	0.00
179	1	0.00	0.00	0.00	0.00	0.00	0.00	0.00	0.00	0.00	0.00	0.00	0.00
180	1	0.00	0.00	0.00	0.00	0.00	0.00	0.00	0.00	0.00	0.00	0.00	0.00
181	1	0.00	0.00	0.00	0.00	0.00	0.00	0.00	0.00	0.00	0.00	0.00	0.00
182	1	10.50	4.29	0.00	10.50	3.97	3.97	9.72	0.00	0.00	10.50	10.50	8.35
183	1	0.00	23.60	0.00	0.00	23.60	0.00	0.00	23.60	0.00	0.00	23.60	0.00
184	1	0.00	0.00	0.00	0.00	0.00	0.00	0.00	0.00	0.00	0.00	0.00	0.00
185	1	0.00	0.00	0.00	0.00	0.00	0.00	0.00	0.00	0.00	0.00	0.00	0.00
186	1	0.00	0.00	0.00	0.00	0.00	0.00	0.00	0.00	0.00	0.00	0.00	0.00
187	1	0.00	0.00	0.00	0.00	0.00	0.00	0.00	0.00	0.00	0.00	0.00	0.00
188	1	0.00	0.00	0.00	0.00	0.00	0.00	0.00	0.00	0.00	0.00	0.00	0.00
189	1	0.00	0.00	0.00	0.00	0.00	0.00	0.00	0.00	0.00	0.00	0.00	0.00
190	1	0.00	0.00	0.00	0.00	0.00	0.00	0.00	0.00	0.00	0.00	0.00	0.00
191	1	0.00	0.00	0.00	0.00	0.00	0.00	0.00	0.00	0.00	0.00	0.00	0.00
192	1	0.00	0.00	0.00	0.00	0.00	0.00	0.00	0.00	0.00	0.00	0.00	0.00
193	1	0.00	0.00	0.00	0.00	0.00	0.00	0.00	0.00	0.00	0.00	0.00	0.00
194	1	170.46	170.46	170.46	135.66	135.66	135.66	170.46	170.46	170.46	135.66	135.66	135.66
195	1	0.00	0.00	0.00	0.00	0.00	0.00	0.00	0.00	0.00	0.00	0.00	0.00
196	1	0.00	0.00	0.00	0.00	0.00	0.00	0.00	0.00	0.00	0.00	0.00	0.00
197	1	0.00	0.00	0.00	0.00	0.00	0.00	0.00	0.00	0.00	0.00	0.00	0.00
198	1	0.00	0.00	0.00	0.00	0.00	0.00	0.00	0.00	0.00	0.00	0.00	0.00
199	1	0.00	0.00	0.00	0.00	0.00	0.00	0.00	0.00	0.00	0.00	0.00	0.00
200	1	0.00	0.00	0.00	0.00	0.00	0.00	0.00	0.00	0.00	0.00	0.00	0.00
201	1	0.00	0.00	0.00	0.00	0.00	0.00	0.00	0.00	0.00	0.00	0.00	0.00
202	1	0.00	0.00	0.00	0.00	0.00	0.00	0.00	0.00	0.00	0.00	0.00	0.00
203	1	0.00	0.00	0.00	0.00	0.00	0.00	0.00	0.00	0.00	0.00	0.00	0.00
204	1	0.00	0.00	0.00	0.00	0.00	0.00	0.00	0.00	0.00	0.00	0.00	0.00
205	1	161.49	161.49	161.49	151.59	151.59	151.59	161.49	161.49	161.49	151.59	151.59	151.59
206	1	0.00	0.00	0.00	0.00	0.00	0.00	0.00	0.00	0.00	0.00	0.00	0.00
207	1	0.00	0.00	0.00	0.00	0.00	0.00	0.00	0.00	0.00	0.00	0.00	0.00
208	1	0.00	0.00	0.00	0.00	0.00	0.00	0.00	0.00	0.00	0.00	0.00	0.00
209	1	19.22	19.22	19.22	17.86	18.12	18.18	18.82	18.82	18.82	17.94	18.20	18.26
210	1	124.88	48.67	0.00	113.60	72.73	72.73	124.88	0.00	0.00	124.88	124.88	82.92
211	1	26.44	26.84	5.83	30.68	30.68	28.65	36.75	16.02	1.17	40.34	40.34	40.34
212	1	0.00	0.00	0.00	0.00	0.00	0.00	0.00	0.00	0.00	0.00	0.00	0.00
213	1	7.75	26.65	7.75	7.75	26.65	7.75	4.76	23.67	4.76	7.75	26.65	7.75
214	1	0.00	0.00	0.00	0.00	0.00	0.00	24.39	24.39	0.00	24.39	24.39	24.39
215	1	35.28	0.75	0.00	34.74	34.12	1.69	35.28	0.00	0.00	34.74	34.12	34.12
216	1	88.96	88.96	88.96	86.45	86.45	86.45	96.03	96.03	96.03	93.52	93.52	93.52
217	1	30.24	30.24	30.24	31.38	31.38	31.38	30.24	30.24	30.24	31.38	31.38	31.38
218	1	0.00	0.00	0.00	0.00	0.00	0.00	0.00	0.00	0.00	0.00	0.00	0.00
219	1	7.17	7.17	7.14	7.17	7.17	7.14	7.17	7.17	7.14	7.17	7.17	7.14
220	1	0.00	0.00	0.00	0.00	0.00	0.00	0.00	0.00	0.00	0.00	0.00	0.00
221	1	0.00	0.00	0.00	0.00	0.00	0.00	0.00	0.00	0.00	0.00	0.00	0.00
222	1	0.00	0.00	0.00	0.00	0.00	0.00	0.00	0.00	0.00	0.00	0.00	0.00
223	1	62.65	62.65	62.65	62.65	62.65	62.65	101.93	101.93	101.93	105.57	105.57	105.57
224	1	0.00	0.00	0.00	0.00	0.00	0.00	0.00	0.00	0.00	0.00	0.00	0.00
225	1	0.00	0.00	0.00	0.00	0.00	0.00	0.00	0.00	0.00	0.00	0.00	0.00
226	1	0.00	0.00	0.00	0.00	0.00	0.00	0.00	0.00	0.00	0.00	0.00	0.00
227	1	0.00	0.00	0.00	0.00	0.00	0.00	0.00	0.00	0.00	0.00	0.00	0.00
228	1	0.00	0.00	0.00	0.00	0.00	0.00	0.00	0.00	0.00	0.00	0.00	0.00
229	1	0.00	0.00	0.00	0.00	0.00	0.00	0.00	0.00	0.00	0.00	0.00	0.00
230	1	0.00	0.00	0.00	0.00	0.00	0.00	0.00	0.00	0.00	0.00	0.00	0.00
231	1	0.00	0.00	0.00	0.00	0.00	0.00	0.00	0.00	0.00	0.00	0.00	0.00
232	1	29.13	29.13	29.13	29.13	29.13	29.13	29.13	29.13	29.13	29.13	29.13	29.13
233	1	0.00	0.00	0.00	0.00	0.00	0.00	0.00	0.00	0.00	0.00	0.00	0.00
234	1	0.00	0.00	0.00	0.00	0.00	0.00	0.00	0.00	0.00	0.00	0.00	0.00
235	1	0.00	0.00	0.00	0.00	0.00	0.00	0.00	0.00	0.00	0.00	0.00	0.00
236	1	0.00	0.00	0.00	0.00	0.00	0.00	0.00	0.00	0.00	0.00	0.00	0.00
237	1	40.00	40.00	40.00	40.00	40.00	40.00	40.00	40.00	40.00	40.00	40.00	40.00
238	1	0.00	0.00	0.00	0.00	0.00	0.00	0.00	0.00	0.00	0.00	0.00	0.00
239	1	0.00	0.00	0.00	0.00	0.00	0.00	0.00	0.00	0.00	0.00	0.00	0.00
240	1	0.00	0.00	0.00	0.00	0.00	0.00	0.00	0.00	0.00	0.00	0.00	0.00
241	1	0.00	0.00	0.00	0.00	0.00	0.00	0.00	0.00	0.00	0.00	0.00	0.00
242	1	0.00	0.00	0.00	0.00	0.00	0.00	0.00	0.00	0.00	0.00	0.00	0.00
243	1	0.00	0.00	0.00	0.00	0.00	0.00	0.00	0.00	0.00	0.00	0.00	0.00
244	1	16.94	17.77	0.00	21.11	21.36	21.43	86.88	87.72	0.00	91.05	91.31	91.37
245	1	0.00	0.00	0.00	0.00	0.00	0.00	0.00	0.00	0.00	0.00	0.00	0.00
246	1	0.00	0.00	0.00	0.00	0.00	0.00	49.27	0.00	0.00	34.49	38.68	39.69
247	1	0.00	0.00	0.00	0.00	0.00	0.00	0.00	0.00	0.00	0.00	0.00	0.00
248	1	0.00	0.00	0.00	0.00	0.00	0.00	0.00	0.00	0.00	0.00	0.00	0.00
249	1	0.00	0.00	0.00	0.00	0.00	0.00	0.00	0.00	0.00	0.00	0.00	0.00
250	1	0.00	0.00	0.00	0.00	0.00	0.00	0.00	0.00	0.00	0.00	0.00	0.00
251	1	0.00	0.00	0.00	0.00	0.00	0.00	0.00	0.00	0.00	0.00	0.00	0.00
252	1	8.01	8.01	8.01	8.01	8.01	8.01	8.01	8.01	8.01	8.01	8.01	8.01
253	1	0.00	0.00	0.00	0.00	0.00	0.00	0.00	0.00	0.00	0.00	0.00	0.00
254	1	0.00	0.00	0.00	0.00	0.00	0.00	0.00	0.00	0.00	0.00	0.00	0.00
255	1	0.00	0.00	0.00	0.00	0.00	0.00	0.00	0.00	0.00	0.00	0.00	0.00
256	1	25.54	25.54	25.54	32.96	32.96	32.96	25.54	25.54	25.54	32.96	32.96	32.96
257	1	0.00	0.00	0.00	0.00	0.00	0.00	0.00	0.00	0.00	0.00	0.00	0.00
258	1	6.82	6.82	6.82	8.50	8.50	8.50	6.82	6.82	6.82	8.50	8.50	8.50
259	1	48.00	32.86	0.00	48.00	17.34	1.63	48.00	13.78	0.00	48.00	17.34	0.00
260	1	0.00	0.00	0.00	0.00	0.00	0.00	0.00	0.00	0.00	0.00	0.00	0.00
261	1	0.00	0.00	0.00	0.00	0.00	0.00	0.00	0.00	0.00	0.00	0.00	0.00
262	1	0.00	0.00	0.00	0.00	0.00	0.00	0.00	0.00	0.00	0.00	0.00	0.00
263	1	0.00	0.00	0.00	0.00	0.00	0.00	0.00	0.00	0.00	0.00	0.00	0.00
264	1	0.00	0.00	0.00	0.00	0.00	0.00	0.00	0.00	0.00	0.00	0.00	0.00
265	1	0.00	0.00	0.00	0.00	0.00	0.00	0.00	0.00	0.00	0.00	0.00	0.00
266	1	0.00	11.89	0.00	0.00	11.89	0.00	0.00	11.89	0.00	0.00	11.89	0.00
267	1	0.00	0.00	0.00	0.00	0.00	0.00	0.00	0.00	0.00	0.00	0.00	0.00
268	1	16.20	7.69	0.00	16.15	7.55	6.15	16.20	0.00	0.00	16.15	16.15	16.15
269	1	0.00	0.00	0.00	0.00	0.00	0.00	0.00	0.00	0.00	0.00	0.00	0.00
270	1	0.00	0.00	0.00	0.00	0.00	0.00	0.00	0.00	0.00	0.00	0.00	0.00
271	1	0.00	0.00	0.00	0.00	0.00	0.00	0.00	0.00	0.00	0.00	0.00	0.00
272	1	0.00	0.00	0.00	0.00	0.00	0.00	0.00	0.00	0.00	0.00	0.00	0.00
273	1	0.00	0.00	0.00	0.00	0.00	0.00	0.00	0.00	0.00	0.00	0.00	0.00
274	1	0.00	0.00	0.00	0.00	0.00	0.00	0.00	0.00	0.00	0.00	0.00	0.00
275	1	0.00	0.00	0.00	0.00	0.00	0.00	0.00	0.00	0.00	0.00	0.00	0.00
276	1	0.00	0.00	0.00	0.00	0.00	0.00	0.00	0.00	0.00	0.00	0.00	0.00
277	1	0.00	0.00	0.00	0.00	0.00	0.00	0.00	0.00	0.00	0.00	0.00	0.00
278	1	0.00	0.00	0.00	0.00	0.00	0.00	0.00	0.00	0.00	0.00	0.00	0.00
279	1	0.00	0.00	0.00	0.00	0.00	0.00	0.00	0.00	0.00	0.00	0.00	0.00
]
#param:     Ol: fmax  fmaxC    x    cst   n0 nmax :=
lineas= [
3	2	1372	1783.6	0.0114	6.824	0	3
5	3	686.98	893.07	0.0415	11.527	1	3
8	5	588	764.4	0.0184	7.696	1	3
10	8	588	764.4	0.0478	18.259	1	3
13	10	1400	1700	0	6.811	0	3
11	10	1372	1783.6	0.0035	2.837	1	3
13	11	1372	1783.6	0.0079	5.057	1	3
12	10	1372	1783.6	0.005	3.616	1	3
13	12	1372	1783.6	0.0064	4.279	1	3
13	15	824.18	1071.43	0.0503	14.791	1	3
15	16	824.18	1071.43	0.0145	11.681	1	3
16	17	824.18	1071.43	0.007	6.371	1	3
17	18	824.18	1071.43	0.0059	5.566	1	3
19	18	1372	1783.6	0.0111	7.315	1	3
15	19	1372	1783.6	0.024	30.067	1	3
20	15	1372	1783.6	0.0239	24.052	1	3
20	21	1372	1783.6	0.0113	12.501	0	3
21	11	1372	1783.6	0.0134	14.542	0	3
24	21	1372	1783.6	0.0233	12.82	0	3
2	37	588	764.4	0.0267	2.398	0	3
3	39	588	764.4	0.0267	2.398	1	3
5	47	735	955.5	0.0224	2.841	1	3
8	57	735	955.5	0.0224	2.841	1	3
10	64	588	764.4	0.0272	2.398	2	3
11	97	735	955.5	0.0213	2.841	1	3
12	94	588	764.4	0.0272	2.398	1	3
13	80	588	764.4	0.0271	2.398	2	3
15	90	441	573.3	0.0324	1.954	1	3
17	131	588	764.4	0.0282	2.398	2	3
18	133	735	955.5	0.0225	2.841	1	3
19	129	735	955.5	0.0216	2.841	1	3
20	123	735	955.5	0.0216	2.841	1	3
21	103	588	764.4	0.0272	2.398	0	3
24	109	588	764.4	0.0272	2.398	0	3
32	31	148.96	193.65	0.0511	0.621	1	3
32	33	148.96	193.65	0.0281	0.416	0	3
33	31	148.96	193.65	0.0271	0.407	0	3
34	32	148.96	193.65	0.1415	1.389	1	3
34	35	148.96	193.65	0.0112	0.263	1	3
35	32	148.96	193.65	0.1303	1.293	0	3
35	33	245	318.5	0.1591	2.427	0	3
34	36	176.4	229.32	0.1071	1.262	1	3
35	36	176.4	229.32	0.0988	1.16	0	3
35	38	176.4	229.32	0.0651	0.832	1	3
38	36	176.4	229.32	0.031	0.483	1	3
36	39	176.4	229.32	0.1118	1.334	2	3
36	37	441	573.3	0.0282	0.904	0	3
37	39	176.4	229.32	0.1125	1.322	0	3
39	41	176.4	229.32	0.1252	1.259	1	3
36	41	1400	1700	0	2.398	0	3
36	40	1400	1700	0	1.692	0	3
39	40	176.4	229.32	0.0403	0.58	1	3
40	41	176.4	229.32	0.068	0.872	1	3
41	44	1400	1700	0	0.912	0	3
41	43	148.96	193.65	0.0126	0.289	2	3
43	44	148.96	193.65	0.0663	0.814	2	3
41	45	147	191.1	0.084	0.897	1	3
46	44	148.96	193.65	0.1137	1.089	2	3
46	47	367.5	477.75	0.0023	0.254	2	3
46	49	245	318.5	0.1419	2.178	1	3
45	49	294	382.2	0.077	1.88	1	3
49	51	215.6	280.28	0.1239	2.261	1	3
51	52	215.6	280.28	0.1097	1.567	1	3
52	53	147	191.1	0.1547	5.344	0	3
54	49	336.09	436.91	0.0345	0.845	1	3
57	46	148.96	193.65	0.1334	1.36	2	3
57	48	148.96	193.65	0.0744	0.836	1	3
48	46	148.96	193.65	0.0583	0.691	1	3
59	57	176.4	229.32	0.2193	2.504	1	3
59	58	176.4	229.32	0.2193	2.504	1	3
58	57	176.4	229.32	0.2193	2.504	1	3
118	59	187.18	243.33	0.1038	1.283	1	3
49	56	1400	1700	0	3.294	0	3
49	55	235.2	305.76	0.0883	1.823	2	3
55	56	235.2	305.76	0.0845	1.638	2	3
118	56	176.4	229.32	0.1802	2.015	2	3
61	59	1400	1700	0	0.754	0	3
61	60	176.4	229.32	0.0287	0.46	2	3
60	59	176.4	229.32	0.0275	0.447	2	3
63	61	176.4	229.32	0.1065	1.265	1	3
62	61	176.4	229.32	0.0497	0.679	1	3
63	62	176.4	229.32	0.059	0.775	1	3
64	63	466.48	606.42	0.0063	0.468	2	3
64	65	383.18	498.13	0.014	0.477	2	3
65	66	383.18	498.13	0.0181	0.617	2	3
63	67	264.6	343.98	0.0184	0.452	2	3
67	68	224.42	291.75	0.0013	0.183	2	3
67	69	185.22	240.79	0.0109	0.284	4	3
69	70	321.44	417.87	0.0099	0.35	2	3
69	72	148.96	193.65	0.0087	0.242	2	3
72	76	148.96	193.65	0.0268	0.402	2	3
72	73	148.96	193.65	0.007	0.227	2	3
73	76	148.96	193.65	0.0209	0.349	0	3
94	73	392	509.6	0.0115	0.57	2	3
94	95	321.44	417.87	0.0027	0.217	2	3
73	74	323.4	420.42	0.0027	0.259	2	3
73	75	304.78	396.21	0.0013	0.208	2	3
76	77	298.9	388.57	0.0098	0.342	2	3
76	79	343.98	447.17	0.0344	1.166	3	3
76	78	343.98	447.17	0.0142	0.562	1	3
78	79	343.98	447.17	0.0227	0.799	1	3
80	79	641.9	834.47	0.0269	0.166	1	3
80	94	343.98	447.17	0.0355	1.199	2	3
94	64	343.98	447.17	0.0277	0.972	2	3
79	82	1400	1700	0	0.919	0	3
79	81	148.96	193.65	0.0293	0.424	1	3
81	82	148.96	193.65	0.0558	0.658	1	3
82	85	148.96	193.65	0.0832	0.9	1	3
79	83	148.96	193.65	0.1068	1.115	1	3
83	85	148.96	193.65	0.0575	0.677	1	3
83	84	148.96	193.65	0.0176	0.322	1	3
84	85	148.96	193.65	0.0412	0.532	1	3
85	86	9999	12998.7	0.0249	0.83	1	3
85	87	176.4	229.32	0.0561	0.752	2	3
87	89	176.4	229.32	0.1569	1.805	1	3
87	88	176.4	229.32	0.1174	1.392	1	3
88	89	176.4	229.32	0.0618	0.811	1	3
89	90	441	573.3	0.0146	0.88	2	3
125	91	245	318.5	0.0728	1.142	2	3
91	85	148.96	193.65	0.189	1.78	1	3
125	85	1400	1700	0	2.373	0	3
91	92	148.96	193.65	0.0986	0.97	1	3
92	85	148.96	193.65	0.0994	0.977	1	3
91	93	245	318.5	0.0965	1.52	1	3
125	122	148.96	193.65	0.0791	0.85	1	3
122	64	1400	1700	0	2.394	0	3
122	120	1400	1700	0	1.737	0	3
122	121	148.96	193.65	0.027	0.399	1	3
121	120	148.96	193.65	0.1541	1.498	1	3
120	64	245	318.5	0.0761	1.248	1	3
125	119	148.96	193.65	0.2005	1.882	2	3
125	101	148.96	193.65	0.2022	1.905	2	3
119	76	245	318.5	0.1136	1.813	2	3
101	119	245	318.5	0.014	0.364	1	3
101	99	245	318.5	0.0734	1.233	2	3
100	99	224.42	291.75	0.0233	0.469	1	3
99	96	1400	1700	0	0.893	0	3
99	97	333.2	433.16	0.0318	0.785	2	3
97	96	333.2	433.16	0.0055	0.274	2	3
96	69	333.2	433.16	0.022	0.594	2	3
71	72	1400	1700	0	1.415	0	3
71	97	336.14	436.98	0.0426	0.992	2	3
97	72	336.14	436.98	0.0218	0.589	2	3
97	98	321.44	417.87	0.0058	0.278	2	3
102	101	197.5	256.75	0.096	1.185	1	3
102	103	441	573.3	0.0083	0.444	0	3
119	105	176.4	229.32	0.1125	1.287	1	3
104	101	245	318.5	0.0227	0.484	1	3
104	105	245	318.5	0.0779	1.275	1	3
106	105	254.8	331.24	0.0559	0.979	2	3
107	105	147	191.1	0.0435	0.538	3	3
107	108	147	191.1	0.0462	0.557	1	3
107	115	245	318.5	0.1279	1.985	1	3
115	118	187.18	243.33	0.0539	0.744	1	3
107	118	176.4	229.32	0.1433	1.648	1	3
115	117	176.4	229.32	0.0549	0.717	2	3
115	116	187.18	243.33	0.0105	0.278	0	3
116	117	187.18	243.33	0.0443	0.638	0	3
110	107	237.16	308.31	0.0997	1.98	2	3
110	109	237.16	308.31	0.0438	0.962	0	0
109	107	237.16	308.31	0.0813	1.644	0	0
111	115	187.18	243.33	0.1812	2.115	1	3
111	109	187.18	243.33	0.1092	1.34	0	3
109	115	187.18	243.33	0.1065	1.311	0	3
109	116	441	573.3	0.1054	2.835	0	3
111	110	441	573.3	0.039	1.155	0	3
111	112	441	573.3	0.0047	0.285	0	3
112	110	441	573.3	0.0354	1.062	0	3
114	111	187.18	243.33	0.0766	0.988	1	3
114	112	441	573.3	0.0764	2.102	0	3
125	123	980	1274	0.0329	0.225	1	3
125	124	1400	1700	0	0.752	0	3
123	124	602.7	783.51	0.0157	0.867	2	3
125	126	247.45	321.69	0.2335	4.526	2	3
126	127	247.45	321.69	0.0875	4.837	2	3
128	127	282.24	366.91	0.0096	0.33	2	3
128	130	588	764.4	0.0151	0.677	0	3
127	129	588	764.4	0.002	0.288	2	3
131	130	588	764.4	0.0297	1.17	2	3
127	132	147	191.1	0.1083	1.106	2	3
132	133	686	891.8	0.004	0.4	1	3
132	134	392	509.6	0.0583	1.868	2	3
135	134	392	509.6	0.0221	0.812	0	3
132	135	392	509.6	0.0362	1.222	1	3
132	136	294	382.2	0.102	1.949	1	3
135	136	294	382.2	0.1192	2.25	1	3
132	137	147	191.1	0.1314	1.261	1	3
133	137	245	318.5	0.1361	2.057	1	3
138	132	147	191.1	0.2019	1.896	1	3
139	138	441	573.3	0.0293	1.144	1	3
140	139	441	573.3	0.0618	2.228	1	3
141	140	441	573.3	0.1292	3.549	0	3
141	127	196	254.8	0.2105	2.532	2	3
142	141	294	382.2	0.0509	1.327	0	3
143	142	294	382.2	0.0865	2.161	0	3
144	143	294	382.2	0.1121	2.788	0	3
144	145	245	318.5	0.0612	1.019	1	3
145	126	245	318.5	0.1369	2.075	1	3
144	126	245	318.5	0.1983	2.932	1	3
45	146	9999	12998.7	0.3906	0.217	1	3
44	215	9999	12998.7	0.1209	0.559	1	3
57	149	235.2	305.76	0.0449	0.772	1	3
56	151	98	127.4	0.1204	0.399	1	3
59	152	9999	12998.7	0.2338	0.265	1	3
62	237	9999	12998.7	0.104	0.399	1	3
63	235	9999	12998.7	0.0696	0.612	1	3
68	233	9999	12998.7	0.0296	1.092	1	3
69	230	9999	12998.7	0.0219	1.546	1	3
70	239	9999	12998.7	0.0237	1.319	1	3
65	226	9999	12998.7	0.0967	0.452	2	3
66	238	9999	12998.7	0.0611	0.612	2	3
72	224	9999	12998.7	0.0207	0.772	1	3
72	225	9999	12998.7	0.0207	0.932	1	3
77	229	9999	12998.7	0.019	1.795	1	3
73	227	9999	12998.7	0.0526	0.772	1	3
95	222	9999	12998.7	0.0656	0.612	1	3
98	220	9999	12998.7	0.0478	0.772	1	3
79	240	9999	12998.7	0.095	0.452	1	3
78	242	9999	12998.7	0.0478	0.772	1	3
81	243	9999	12998.7	0.1393	0.359	1	3
85	244	9999	12998.7	0.094	0.399	1	3
84	245	9999	12998.7	0.1919	0.332	1	3
89	246	9999	12998.7	0.097	0.532	1	3
88	247	9999	12998.7	0.1919	0.332	1	3
99	216	9999	12998.7	0.1382	0.359	1	3
125	248	9999	12998.7	0.2484	0.265	1	3
93	251	9999	12998.7	0.2	0.265	1	3
122	252	9999	12998.7	0.2014	0.345	1	3
121	255	9999	12998.7	0.22	0.265	1	3
104	256	98	127.4	0.1245	0.399	1	3
105	159	147	191.1	0.1207	0.532	1	3
106	154	117.6	152.88	0.0928	0.452	1	3
107	160	117.6	152.88	0.0767	0.452	1	3
109	162	98	127.4	0.14	0.399	0	3
111	166	98	127.4	0.1419	0.399	1	3
114	173	117.6	152.88	0.0938	0.452	1	3
174	173	117.6	152.88	0.0645	0.452	1	3
264	173	39.2	50.96	0.0981	0.239	1	3
52	172	98	127.4	0.07	0.399	1	3
127	211	294	382.2	0.0314	0.932	1	3
132	177	588	764.4	0.0226	1.732	1	3
137	266	49	63.7	0.256	0.265	2	3
135	183	392	509.6	0.025	1.199	1	3
138	191	117.6	152.88	0.1015	0.452	1	3
139	190	98	127.4	0.1015	0.399	1	3
140	186	98	127.4	0.1015	0.399	1	3
141	198	122.5	159.25	0.073	0.466	1	3
143	201	117.6	152.88	0.1167	0.452	0	3
144	204	220.5	286.65	0.0559	0.732	1	3
145	207	117.6	152.88	0.1047	0.452	1	3
146	147	9999	12998.7	0.1718	0.587	1	3
147	148	9999	12998.7	0.2415	0.416	1	3
149	150	98	127.4	0.2116	1.948	3	3
150	151	137.2	178.36	0.0169	0.311	1	3
152	153	9999	12998.7	0.0257	0.275	1	3
154	155	9999	12998.7	0.0361	0.642	1	3
159	157	9999	12998.7	0.1372	1.718	1	3
157	156	9999	12998.7	0.0525	0.718	1	3
157	158	9999	12998.7	0.0308	0.407	1	3
159	160	9999	12998.7	0.1598	1.949	1	3
160	161	1400	1700	0	0.953	0	3
160	163	1400	1700	0	1.607	0	3
160	165	73.5	95.55	0.1622	1.103	1	3
165	163	73.5	95.55	0.0947	0.684	1	3
161	166	1400	1700	0	0.972	0	3
164	166	44.1	57.33	0.074	0.376	1	3
161	164	1400	1700	0	0.695	0	3
163	164	44.1	57.33	0.1455	0.644	1	3
161	163	44.1	57.33	0.0171	0.162	1	3
163	162	147	191.1	0.0026	0.131	0	3
166	167	9999	12998.7	0.1203	0.536	1	3
167	168	9999	12998.7	0.2886	1.166	1	3
168	169	9999	12998.7	0.3923	1.582	1	3
169	170	1400	1700	0	0.899	0	3
169	171	9999	12998.7	0.1227	0.562	1	3
170	172	9999	12998.7	0.2596	1.08	1	3
174	175	1400	1700	0	2.407	1	3
174	176	78.4	101.92	0.2771	1.991	1	3
176	175	78.4	101.92	0.0609	0.514	1	3
177	179	192.08	249.7	0.0775	1.426	2	3
177	180	98	127.4	0.1085	0.951	1	3
177	181	88.2	114.66	0.1085	0.865	1	3
177	185	127.4	165.62	0.148	1.719	1	3
177	178	9999	12998.7	0.0161	0.25	1	3
180	179	58.8	76.44	0.0861	0.54	1	3
181	180	1400	1700	0	0.103	0	3
180	184	1400	1700	0	2.125	0	3
180	183	99.96	129.95	0.168	1.552	1	3
183	184	73.5	95.55	0.0656	0.519	1	3
184	185	58.8	76.44	0.0368	0.287	1	3
181	182	73.5	95.55	0.093	0.676	1	3
191	192	9999	12998.7	0.0278	0.409	1	3
190	191	78.4	101.92	0.0978	0.75	1	3
186	190	1400	1700     0	1.649	0	3
186	187	88.2	114.66	0.1789	1.44	1	3
187	190	88.2	114.66	0.0277	0.306	1	3
186	188	9999	12998.7	0.105	1.272	1	3
188	189	9999	12998.7	0.1303	1.555	1	3
186	194	117.6	152.88	0.421	4.31	1	3
186	193	117.6	152.88	0.236	2.459	1	3
193	194	117.6	152.88	0.2021	2.12	1	3
194	195	9999	12998.7	0.1953	1.797	1	3
195	196	9999	12998.7	0.4444	3.803	1	3
197	186	88.2	114.66	0.1121	0.939	1	3
198	197	88.2	114.66	0.218	1.734	1	3
198	199	107.8	140.14	0.2643	2.499	1	3
199	200	107.8	140.14	0.2336	2.219	1	3
200	203	70.56	91.73	0.0228	0.23	1	3
203	206	69.58	90.45	0.0355	0.309	1	3
200	202	9999	12998.7	0.0144	0.184	1	3
200	201	147	191.1	0.0099	0.292	0	3
205	200	82.32	107.02	0.2711	1.936	1	3
205	206	82.32	107.02	0.2144	1.552	1	3
206	200	82.32	107.02	0.0567	0.483	0	3
205	204	245	318.5	0.0141	0.568	1	3
206	208	1400	1700     0	1.977	0	3
206	207	88.2	114.66	0.2357	1.857	1	3
207	208	88.2	114.66	0.0327	0.342	1	3
209	198	107.8	140.14	0.2422	2.289	1	3
210	209	107.8	140.14	0.239	2.26	1	3
211	210	132.3	171.99	0.0574	0.714	2	3
210	211	132.3	171.99	0.0574	0.714	1	3
211	212	55.86	72.62	0.0299	0.234	2	3
212	213	88.2	114.66	0.0637	0.554	1	3
213	214	88.2	114.66	0.1774	1.367	1	3
156	256	9999	12998.7	0.1333	163.98	0 1	3
158	260	9999	12998.7	0.165	163.98	0 1	3
159	261	9999	12998.7	0.1767	163.98	0 1	3
160	263	9999	12998.7	0.0914	163.98	0 1	3
175	265	9999	12998.7	0.097	163.98	0 1	3
182	268	9999	12998.7	0.1303	163.98	0 1	3
263	262	9999	12998.7	0.0229	163.98	0 1	3
262	261	9999	12998.7	0.7258	163.98	0 2	3
261	259	9999	12998.7	1.3587	163.98	0 0	3
259	256	9999	12998.7	0.3669	163.98	0 1	3
258	259	9999	12998.7	0.3556	163.98	0 1	3
258	257	9999	12998.7	0.079	163.98	0 1	3
256	257	9999	12998.7	0.0495	163.98	0 2	3
248	249	9999	12998.7	0.5566	163.98	0 1	3
249	250	9999	12998.7	0.4995	163.98	0 1	3
250	251	9999	12998.7	0.4208	163.98	0 1	3
252	253	9999	12998.7	0.126	163.98	0 1	3
253	254	9999	12998.7	0.1403	163.98	0 1	3
252	254	9999	12998.7	0.1736	163.98	0 2	3
254	255	9999	12998.7	0.17	163.98	0 1	3
216	217	9999	12998.7	0.3173	163.98	0 1	3
217	218	9999	12998.7	0.0964	163.98	0 1	3
218	219	9999	12998.7	0.2659	163.98	0 1	3
216	219	9999	12998.7	0.5161	163.98	0 1	3
216	223	9999	12998.7	0.1666	163.98	0 1	3
219	224	9999	12998.7	0.1497	163.98	0 1	3
219	221	9999	12998.7	0.1798	163.98	0 2	3
222	221	9999	12998.7	0.0697	163.98	0 1	3
219	220	9999	12998.7	0.1388	163.98	0 2	3
223	224	9999	12998.7	0.5045	163.98	0 2	3
224	227	9999	12998.7	0.1649	163.98	0 1	3
227	219	9999	12998.7	0.1694	163.98	0 1	3
227	229	9999	12998.7	0.0847	163.98	0 0	3
229	228	9999	12998.7	0.0542	163.98	0 1	3
229	223	9999	12998.7	0.5651	163.98	0 0	3
228	223	9999	12998.7	0.555	163.98	0 2	3
226	225	9999	12998.7	0.2842	163.98	0 2	3
230	238	9999	12998.7	0.1078	163.98	0 2	3
238	239	9999	12998.7	0.1754	163.98	0 3	3
230	231	9999	12998.7	0.0487	163.98	0 2	3
231	233	9999	12998.7	0.1356	163.98	0 2	3
230	232	9999	12998.7	0.0991	163.98	0 2	3
232	233	9999	12998.7	0.0894	163.98	0 2	3
230	234	9999	12998.7	0.1809	163.98	0 1	3
230	236	9999	12998.7	0.4382	163.98	0 1	3
233	236	9999	12998.7	0.1617	163.98	0 2	3
235	234	9999	12998.7	0.1166	163.98	0 2	3
234	236	9999	12998.7	0.0737	163.98	0 1	3
236	237	9999	12998.7	0.6768	163.98	0 2	3
240	241	9999	12998.7	0.2159	163.98	0 2	3
241	242	9999	12998.7	0.1587	163.98	0 2	3
240	243	9999	12998.7	0.3701	163.98	0 1	3
244	245	9999	12998.7	0.5707	163.98	0 2	3
246	247	9999	12998.7	0.7718	163.98	0 1	3
268	267	9999	12998.7	0.6151	163.98	0 1	3
267	266	9999	12998.7	0.3091	163.98	0 1	3
6	5	1372	1783.6	0.0119	13.011	0	3
6	2	1372	1783.6	0.0237	24.938	0	3
6	7	1372	1783.6	0.01	11.097	0	3
7	2	1372	1783.6	0.014	15.116	0	3
9	8	980	1274	0.0125	10.332	0	3
10	9	980	1274	0.0108	9.056	0	3
22	21	1372	1783.6	0.0076	4.91	0	3
22	9	1372	1783.6	0.0178	18.943	0	0
21	23	1372	1783.6	0.0146	15.754	0	0
23	9	1372	1783.6	0.0092	10.332	0	0
24	9	1372	1783.6	0.0139	15.116	0	3
24	25	1372	1783.6	0.0139	15.116	0	3
25	6	1372	1783.6	0.0174	18.624	0	3
25	8	1372	1783.6	0.0164	17.54	0	3
26	25	1372	1783.6	0.0067	7.781	0	0
27	25	1372	1783.6	0.0067	7.781	0	0
20	29	1372	1783.6	0.0176	18.815	0	3
29	30	1372	1783.6	0.0113	12.501	0	3
30	19	1372	1783.6	0.0176	18.751	0	3
15	28	1372	1783.6	0.0159	17.029	0	3
13	14	824.18	1071.43	0.0082	7.597	0	3
14	15	824.18	1071.43	0.0105	8.218	0	3
6	50	735	955.5	0.0217	2.841	0	3
9	59	735	955.5	0.0283	2.841	0	3
11	96	588	764.4	0.0272	2.398	0	3
14	85	588	764.4	0.0271	2.398	0	3
18	132	735	955.5	0.0225	2.841	0	3
22	106	735	955.5	0.0283	2.841	0	3
23	116	735	955.5	0.0283	2.841	0	3
28	126	735	955.5	0.0283	2.841	0	3
29	145	735	955.5	0.0283	2.841	0	3
30	142	735	955.5	0.0283	2.841	0	3
42	41	9999	12998.7	0.051	1.488	0	3
50	49	882	1146.6	0.0268	2.108	0	3
113	111	9999	12998.7	0.0209	0.695	0	3
9	5	1372	1783.6	0.0221	23.289	0	3
12	11	1372	1783.6	0.0015	1.862	0	3
20	11	1372	1783.6	0.0171	18.305	0	3
20	14	1372	1783.6	0.0165	17.667	0	3
26	5	1372	1783.6	0.0091	10.268	0	3
27	8	1372	1783.6	0.0091	10.268	0	3
3	4	9999	12998.7	0.0114	12.564	0	3
270	272	1372	1783.6	0.0266	27.872	0	3
15	270	1372	1783.6	0.0222	23.408	0	3
20	10	1372	1783.6	0.0222	23.408	0	3
20	270	1372	1783.6	0.007	8.1	0	3
270	271	1372	1783.6	0.007	8.1	0	3
273	272	1372	1783.6	0.019	20.218	0	3
20	274	2156	2802.8	0.0057	10.104	0	3
274	275	2156	2802.8	0.0038	7.097	0	3
275	276	2156	2802.8	0.0038	7.097	0	3
114	269	441	573.3	0.1367	3.628	0	3
269	175	117.6	152.88	0.0469	0.452	0	3
79	85	441	573.3	0.1643	4.486	0	3
119	94	245	318.5	0.1048	0.166	0	3
94	76	245	318.5	0.025	0.166	0	3
6	4	9999	12998.7	0.007	8.1	0	3
]		
#param: C: nomeC   tipoC  ProbC:=
nomC= [
       1  Base       0   1.0
]	   
	   
#param Ncont[*,*,*] : 1
Ncont= [
3	2	0
5	3	0
8	5	0
10	8	0
13	10	0
11	10	0
13	11	0
12	10	0
13	12	0
13	15	0
15	16	0
16	17	0
17	18	0
19	18	0
15	19	0
20	15	0
20	21	0
21	11	0
24	21	0
2	37	0
3	39	0
5	47	0
8	57	0
10	64	0
11	97	0
12	94	0
13	80	0
15	90	0
17	131	0
18	133	0
19	129	0
20	123	0
21	103	0
24	109	0
32	31	0
32	33	0
33	31	0
34	32	0
34	35	0
35	32	0
35	33	0
34	36	0
35	36	0
35	38	0
38	36	0
36	39	0
36	37	0
37	39	0
39	41	0
36	41	0
36	40	0
39	40	0
40	41	0
41	44	0
41	43	0
43	44	0
41	45	0
46	44	0
46	47	0
46	49	0
45	49	0
49	51	0
51	52	0
52	53	0
54	49	0
57	46	0
57	48	0
48	46	0
59	57	0
59	58	0
58	57	0
118	59	0
49	56	0
49	55	0
55	56	0
118	56	0
61	59	0
61	60	0
60	59	0
63	61	0
62	61	0
63	62	0
64	63	0
64	65	0
65	66	0
63	67	0
67	68	0
67	69	0
69	70	0
69	72	0
72	76	0
72	73	0
73	76	0
94	73	0
94	95	0
73	74	0
73	75	0
76	77	0
76	79	0
76	78	0
78	79	0
80	79	0
80	94	0
94	64	0
79	82	0
79	81	0
81	82	0
82	85	0
79	83	0
83	85	0
83	84	0
84	85	0
85	86	0
85	87	0
87	89	0
87	88	0
88	89	0
89	90	0
125	91	0
91	85	0
125	85	0
91	92	0
92	85	0
91	93	0
125	122	0
122	64	0
122	120	0
122	121	0
121	120	0
120	64	0
125	119	0
125	101	0
119	76	0
101	119	0
101	99	0
100	99	0
99	96	0
99	97	0
97	96	0
96	69	0
71	72	0
71	97	0
97	72	0
97	98	0
102	101	0
102	103	0
119	105	0
104	101	0
104	105	0
106	105	0
107	105	0
107	108	0
107	115	0
115	118	0
107	118	0
115	117	0
115	116	0
116	117	0
110	107	0
110	109	0
109	107	0
111	115	0
111	109	0
109	115	0
109	116	0
111	110	0
111	112	0
112	110	0
114	111	0
114	112	0
125	123	0
125	124	0
123	124	0
125	126	0
126	127	0
128	127	0
128	130	0
127	129	0
131	130	0
127	132	0
132	133	0
132	134	0
135	134	0
132	135	0
132	136	0
135	136	0
132	137	0
133	137	0
138	132	0
139	138	0
140	139	0
141	140	0
141	127	0
142	141	0
143	142	0
144	143	0
144	145	0
145	126	0
144	126	0
45	146	0
44	215	0
57	149	0
56	151	0
59	152	0
62	237	0
63	235	0
68	233	0
69	230	0
70	239	0
65	226	0
66	238	0
72	224	0
72	225	0
77	229	0
73	227	0
95	222	0
98	220	0
79	240	0
78	242	0
81	243	0
85	244	0
84	245	0
89	246	0
88	247	0
99	216	0
125	248	0
93	251	0
122	252	0
121	255	0
104	256	0
105	159	0
106	154	0
107	160	0
109	162	0
111	166	0
114	173	0
174	173	0
264	173	0
52	172	0
127	211	0
132	177	0
137	266	0
135	183	0
138	191	0
139	190	0
140	186	0
141	198	0
143	201	0
144	204	0
145	207	0
146	147	0
147	148	0
149	150	0
150	151	0
152	153	0
154	155	0
159	157	0
157	156	0
157	158	0
159	160	0
160	161	0
160	163	0
160	165	0
165	163	0
161	166	0
164	166	0
161	164	0
163	164	0
161	163	0
163	162	0
166	167	0
167	168	0
168	169	0
169	170	0
169	171	0
170	172	0
174	175	0
174	176	0
176	175	0
177	179	0
177	180	0
177	181	0
177	185	0
177	178	0
180	179	0
181	180	0
180	184	0
180	183	0
183	184	0
184	185	0
181	182	0
191	192	0
190	191	0
186	190	0
186	187	0
187	190	0
186	188	0
188	189	0
186	194	0
186	193	0
193	194	0
194	195	0
195	196	0
197	186	0
198	197	0
198	199	0
199	200	0
200	203	0
203	206	0
200	202	0
200	201	0
205	200	0
205	206	0
206	200	0
205	204	0
206	208	0
206	207	0
207	208	0
209	198	0
210	209	0
211	210	0
210	211	0
211	212	0
212	213	0
213	214	0
156	256	0
158	260	0
159	261	0
160	263	0
175	265	0
182	268	0
263	262	0
262	261	0
261	259	0
259	256	0
258	259	0
258	257	0
256	257	0
248	249	0
249	250	0
250	251	0
252	253	0
253	254	0
252	254	0
254	255	0
216	217	0
217	218	0
218	219	0
216	219	0
216	223	0
219	224	0
219	221	0
222	221	0
219	220	0
223	224	0
224	227	0
227	219	0
227	229	0
229	228	0
229	223	0
228	223	0
226	225	0
230	238	0
238	239	0
230	231	0
231	233	0
230	232	0
232	233	0
230	234	0
230	236	0
233	236	0
235	234	0
234	236	0
236	237	0
240	241	0
241	242	0
240	243	0
244	245	0
246	247	0
268	267	0
267	266	0
6	5	0
6	2	0
6	7	0
7	2	0
9	8	0
10	9	0
22	21	0
22	9	0
21	23	0
23	9	0
24	9	0
24	25	0
25	6	0
25	8	0
26	25	0
27	25	0
20	29	0
29	30	0
30	19	0
15	28	0
13	14	0
14	15	0
6	50	0
9	59	0
11	96	0
14	85	0
18	132	0
22	106	0
23	116	0
28	126	0
29	145	0
30	142	0
42	41	0
50	49	0
113	111	0
9	5	0
12	11	0
20	11	0
20	14	0
26	5	0
27	8	0
3	4	0
270	272	0
15	270	0
20	10	0
20	270	0
270	271	0
273	272	0
20	274	0
274	275	0
275	276	0
114	269	0
269	175	0
79	85	0
119	94	0
94	76	0
6	4	0
]

Sbase = 100
thmax = 1.6
#cr=0  #obtiene racionamiento en todas las barras, 
cr=6  #cr=6000 obtimiza
