#param: Ob: tipo d gmax :=
#         MW  MW
barras  = [
	1  1  80  150
	2  0  240 0
	3  0  40  360
	4  0  160 0
	5  0  240 0
	6  0  0   600
	]
	
#param: Ol: fmax   x   c   n0  nmax :=
lineas = [
		1 2 100 0.40 40 1 5
		1 3 100 0.38 38 0 5
		1 4 80  0.60 60 1 5
		1 5 100 0.20 20 1 5
		1 6 70  0.68 68 0 5
		2 3 100 0.20 20 1 5
		2 4 100 0.40 40 1 5
		2 5 100 0.31 31 0 5
		2 6 100 0.30 30 0 5
		3 4 82  0.59 59 0 5
		3 5 100 0.20 20 1 5
		3 6 100 0.48 48 0 5
		4 5 75  0.63 63 0 5
		4 6 100 0.30 30 0 5
		5 6 78  0.61 61 0 5
	]	
sbase = 100
thmx = 1.570795    # 90 grados sexagesimales
