#archivo datos para DisjuntivoMultietapaFull
#param: T:  nomeT     alpha:=
T= [
         1  Stage1  1
]
#param: S:  nomeS     ProbS:=
S= [
       1  Medio      1
]		 

#param: Ob:     nome  tipo  :=
barras= [
         1  BUS_1     1 
         2  BUS_2     0 
         3  BUS_3     0 
         4  BUS_4     0 
         5  BUS_5     0 
         6  BUS_6     0 
]		 
#param d[*,*,*]:	 1
dem= [
		1	1	   80 
		2	1	  240 
		3	1	   40 
		4	1	  160 
		5	1	  240 
		6	1	    0 
]
#param gmax[*,*,*]:   1
gmax= [
		1  1	   150 
		2  1         0 
		3  1	   360 
		4  1	     0 
		5  1	     0 
		6  1	   600 
		]
#param gmaxC[*,*,*]:  1
gmaxC= [
		1  1	   150 
		2  1         0 
		3  1	   360 
		4  1	     0 
		5  1	     0 
		6  1	   600 
]
#param:     Ol: fmax  fmaxC    x    cst   n0 nmax :=
lineas= [
        1   2   100   120  0.40     40    1    3
        1   3   100   120  0.38     38    0    3
        1   4    80   100  0.60     60    1    3
        1   5   100   120  0.20     20    1    3
        1   6    70    90  0.68     68    0    3
        2   3   100   120  0.20     20    1    3
        2   4   100   120  0.40     40    1    3
        2   5   100   120  0.31     31    0    3
        2   6   100   120  0.30     30    0    3
        3   4    82   100  0.59     59    0    3
        3   5   100   120  0.20     20    1    3
        3   6   100   120  0.48     48    0    3
        4   5    75    90  0.63     63    0    3
        4   6   100   120  0.30     30    0    3
        5   6    78    90  0.61     61    0    3
]		
#param: C: nomeC   tipoC  ProbC:=
nomC= [
       1  Base       0   1.0
	   2  C1_2       1   1.0 
	   3  C1_3       2   1.0
	   4  C1_4       1   1.0
	   5  C1_5       1   1.0
	   6  C1_6       2   1.0
	   7  C2_3       1   1.0
	   8  C2_4       1   1.0
	   9  C2_5       2   1.0
	  10  C2_6       2   1.0
	  11  C3_4       2   1.0
	  12  C3_5       1   1.0
	  13  C3_6       2   1.0
	  14  C4_5       2   1.0
	  15  C4_6       2   1.0
	  16  C5_6       2   1.0
]	   
	   
#param Ncont[*,*,*] : 1  2  3  4  5  6  7  8  9 10 11 12 13 14 15 16 :=
Ncont= [
        1   2        0  1  0  0  0  0  0  0  0  0  0  0  0  0  0  0
        1   3        0  0  1  0  0  0  0  0  0  0  0  0  0  0  0  0
        1   4        0  0  0  1  0  0  0  0  0  0  0  0  0  0  0  0
        1   5        0  0  0  0  1  0  0  0  0  0  0  0  0  0  0  0
        1   6        0  0  0  0  0  1  0  0  0  0  0  0  0  0  0  0
        2   3        0  0  0  0  0  0  1  0  0  0  0  0  0  0  0  0
        2   4        0  0  0  0  0  0  0  1  0  0  0  0  0  0  0  0
        2   5        0  0  0  0  0  0  0  0  1  0  0  0  0  0  0  0
        2   6        0  0  0  0  0  0  0  0  0  1  0  0  0  0  0  0
        3   4        0  0  0  0  0  0  0  0  0  0  1  0  0  0  0  0
        3   5        0  0  0  0  0  0  0  0  0  0  0  1  0  0  0  0
        3   6        0  0  0  0  0  0  0  0  0  0  0  0  1  0  0  0
        4   5        0  0  0  0  0  0  0  0  0  0  0  0  0  1  0  0
        4   6        0  0  0  0  0  0  0  0  0  0  0  0  0  0  1  0
        5   6        0  0  0  0  0  0  0  0  0  0  0  0  0  0  0  1		
]

Sbase = 100
thmax = 1.6
#cr=0  #obtiene racionamiento en todas las barras, 
cr=6  #cr=6000 obtimiza
